  0.000000000000000E+000  -3.21692263351963      -3.005736172224631E-017
  7.812500000000000E-003  -3.21803738719589      -3.112666438390472E-003
  1.562500000000000E-002  -3.22143134244010      -8.225689066391912E-003
  2.343750000000000E-002  -3.22423386485814      -1.496095591796636E-002
  3.125000000000000E-002  -3.22687448417495      -2.040347013195426E-002
  3.906250000000000E-002  -3.23075927714397      -2.717043512099632E-002
  4.687500000000000E-002  -3.23729496580967      -3.464976738167067E-002
  5.468750000000000E-002  -3.24053655039591      -4.666759992313149E-002
  6.250000000000000E-002  -3.24166732166926      -5.403424417683578E-002
  7.031250000000000E-002  -3.24541073096484      -6.054596278835359E-002
  7.812500000000000E-002  -3.24978408552439      -7.130523330171257E-002
  8.593750000000000E-002  -3.24659032580828      -7.420037364278667E-002
  9.375000000000000E-002  -3.25851917694390      -7.475374236960242E-002
  0.101562500000000       -3.26877404304576      -8.160820730513726E-002
  0.109375000000000       -3.29104789436374      -9.547621671815643E-002
  0.117187500000000       -3.28781703723114      -0.115722639609195     
  0.125000000000000       -3.29277866746239      -0.130451673922865     
  0.132812500000000       -3.28567070646021      -0.121119242676845     
  0.140625000000000       -3.32319970728032      -0.109175383889048     
  0.148437500000000       -3.35896205997241      -0.148700697960799     
  0.156250000000000       -3.37787115479019      -0.188858094260647     
  0.164062500000000       -3.37215832211127      -0.229507242736458     
  0.171875000000000       -3.37145626723308      -0.259232884279812     
  0.179687500000000       -3.35463782813430      -0.296271333324390     
  0.187500000000000       -3.34006885192458      -0.311645808278238     
  0.195312500000000       -3.32177898010788      -0.341295895001527     
  0.203125000000000       -3.28454922842679      -0.317122482612625     
  0.210937500000000       -3.29658129674198      -0.291448908432172     
  0.218750000000000       -3.33690295868865      -0.288151153014781     
  0.226562500000000       -3.37014412293337      -0.311099360755628     
  0.234375000000000       -3.39622339765281      -0.354761539893611     
  0.242187500000000       -3.39103539542304      -0.387165290440055     
  0.250000000000000       -3.40748100295531      -0.418527240153849     
  0.257812500000000       -3.42789930007278      -0.489440753888636     
  0.265625000000000       -3.36136923650518      -0.546852510423632     
  0.273437500000000       -3.31478597398338      -0.563082510365891     
  0.281250000000000       -3.25823665989098      -0.577052061979945     
  0.289062500000000       -3.22242430671638      -0.530542330047082     
  0.296875000000000       -3.22052282110966      -0.500102181743549     
  0.304687500000000       -3.22881767661072      -0.475235672731162     
  0.312500000000000       -3.25243184969935      -0.461621469835096     
  0.320312500000000       -3.27496718996856      -0.456152928565502     
  0.328125000000000       -3.30285376869541      -0.450432592417523     
  0.335937500000000       -3.35147028438327      -0.464324128202448     
  0.343750000000000       -3.38561914655265      -0.498829591169486     
  0.351562500000000       -3.40988039625873      -0.548261249087593     
  0.359375000000000       -3.38446134268458      -0.607938085573685     
  0.367187500000000       -3.36569703915997      -0.609958294625636     
  0.375000000000000       -3.36682128165213      -0.609975592981996     
  0.382812500000000       -3.38248613324953      -0.607030533382403     
  0.390625000000000       -3.42784137273737      -0.628330593127885     
  0.398437500000000       -3.45610258648568      -0.675468220436863     
  0.406250000000000       -3.47137713834990      -0.739493588600499     
  0.414062500000000       -3.44251580812327      -0.834217815121316     
  0.421875000000000       -3.36925744422558      -0.832339106843618     
  0.429687500000000       -3.34619446491437      -0.821242017795798     
  0.437500000000000       -3.33933406878485      -0.811335433764947     
  0.445312500000000       -3.34671336688415      -0.798681338330705     
  0.453125000000000       -3.36983278772883      -0.803798294985704     
  0.460937500000000       -3.39183650003368      -0.816552062766566     
  0.468750000000000       -3.41634117198244      -0.835600039349580     
  0.476562500000000       -3.44448967807599      -0.864558715072086     
  0.484375000000000       -3.46376560473840      -0.904292140617615     
  0.492187500000000       -3.48242495972393      -0.946598928844406     
  0.500000000000000       -3.50014982117480      -0.998911042996230     
  0.507812500000000       -3.51083849340059       -1.07013372328709     
  0.515625000000000       -3.47263627144143       -1.14619927648675     
  0.523437500000000       -3.43630772801827       -1.18699054665304     
  0.531250000000000       -3.40346657869983       -1.22387092589461     
  0.539062500000000       -3.36636260646130       -1.25990980679357     
  0.546875000000000       -3.30631504254811       -1.29068370136858     
  0.554687500000000       -3.26284634302649       -1.27072468281169     
  0.562500000000000       -3.24430776807304       -1.25575214337617     
  0.570312500000000       -3.23847143657815       -1.24381923285261     
  0.578125000000000       -3.24495816305830       -1.23532873745775     
  0.585937500000000       -3.26685723274127       -1.24366354059338     
  0.593750000000000       -3.27499210884317       -1.26323871510145     
  0.601562500000000       -3.28307025167126       -1.28187136388333     
  0.609375000000000       -3.29348793839004       -1.30228972996769     
  0.617187500000000       -3.30821421536242       -1.32642101573334     
  0.625000000000000       -3.33138516948945       -1.36640786218938     
  0.632812500000000       -3.33263206216174       -1.41850618394884     
  0.640625000000000       -3.32572955524141       -1.46752457309923     
  0.648437500000000       -3.31174463755481       -1.51549045111834     
  0.656250000000000       -3.28903084124796       -1.56089723486751     
  0.664062500000000       -3.25269683156474       -1.59558775652856     
  0.671875000000000       -3.23669706728317       -1.60733528456125     
  0.679687500000000       -3.22920843324262       -1.63178487474911     
  0.687500000000000       -3.22219606292713       -1.66194601532139     
  0.695312500000000       -3.21393817936965       -1.69595512349816     
  0.703125000000000       -3.20379707568135       -1.73184623133708     
  0.710937500000000       -3.19792412834040       -1.76975767646681     
  0.718750000000000       -3.18710764124759       -1.81894693311666     
  0.726562500000000       -3.16830408645173       -1.87224884740640     
  0.734375000000000       -3.14024096718367       -1.92834304772451     
  0.742187500000000       -3.09969102837314       -1.98535924277111     
  0.750000000000000       -3.03834718526140       -2.03830425526790     
  0.757812500000000       -2.96628155789569       -2.03992261666746     
  0.765625000000000       -2.93728316323391       -2.04326738527600     
  0.773437500000000       -2.91574648594262       -2.05894229082973     
  0.781250000000000       -2.89538022639370       -2.08383336011142     
  0.789062500000000       -2.87245376379778       -2.11656625376143     
  0.796875000000000       -2.84287376508039       -2.15583167987872     
  0.804687500000000       -2.80130255494278       -2.19176028721392     
  0.812500000000000       -2.76306614740085       -2.22480696949231     
  0.820312500000000       -2.72198880329917       -2.26213657531235     
  0.828125000000000       -2.67419667663074       -2.30339675300106     
  0.835937500000000       -2.61532614940941       -2.34766756426455     
  0.843750000000000       -2.53803640730997       -2.39211158722874     
  0.851562500000000       -2.42021302597905       -2.41614700147914     
  0.859375000000000       -2.33185512606464       -2.38285928779283     
  0.867187500000000       -2.26464554935789       -2.35334320218100     
  0.875000000000000       -2.20552926011420       -2.32415546747979     
  0.882812500000000       -2.15060830951887       -2.29286388832914     
  0.890625000000000       -2.09814215318272       -2.25612580189340     
  0.898437500000000       -2.04761525734751       -2.20720167418727     
  0.906250000000000       -2.02605798820015       -2.12242081592773     
  0.914062500000000       -2.04996118863214       -2.07461471947878     
  0.921875000000000       -2.07464016278402       -2.04951719996549     
  0.929687500000000       -2.10007996820683       -2.03854141169826     
  0.937500000000000       -2.12723193857699       -2.03934937655817     
  0.945312500000000       -2.15819007944917       -2.05236152909451     
  0.953125000000000       -2.19839961185505       -2.08250685432394     
  0.960937500000000       -2.24384179716785       -2.17920366208052     
  0.968750000000000       -2.20496213644304       -2.28334075595236     
  0.976562500000000       -2.14149220886695       -2.36884451916710     
  0.984375000000000       -2.05643695343627       -2.44228814780255     
  0.992187500000000       -1.94846212362713       -2.50143316659782     
   1.00000000000000       -1.81533182129009       -2.53890418628372     
   1.00781250000000       -1.65536084525351       -2.53960462587395     
   1.01562500000000       -1.46825885760115       -2.46093804307696     
   1.02343750000000       -1.42266280290873       -2.30483683385056     
   1.03125000000000       -1.40813120718654       -2.22098954003549     
   1.03906250000000       -1.39774934443801       -2.15933625973640     
   1.04687500000000       -1.38922895239330       -2.11027835869726     
   1.05468750000000       -1.38187057255943       -2.06972329152613     
   1.06250000000000       -1.37565227900072       -2.03573832085557     
   1.07031250000000       -1.37124607026363       -2.00801846133337     
   1.07812500000000       -1.37024109386318       -1.99422364544937     
   1.08593750000000       -1.34849708609893       -1.98693596304397     
   1.09375000000000       -1.32119061912045       -1.97327380776460     
   1.10156250000000       -1.29030122768952       -1.95531239592902     
   1.10937500000000       -1.25654465684690       -1.93257040486021     
   1.11718750000000       -1.22055900355030       -1.90378119598738     
   1.12500000000000       -1.18326445247126       -1.86684669245468     
   1.13281250000000       -1.14639210961484       -1.81800715231532     
   1.14062500000000       -1.11495864248882       -1.74458269679044     
   1.14843750000000       -1.13830550788461       -1.67639365594910     
   1.15625000000000       -1.15796943108202       -1.63523471561162     
   1.16406250000000       -1.17525343305461       -1.60301929849425     
   1.17187500000000       -1.19103281174261       -1.57634639221495     
   1.17968750000000       -1.20584808593136       -1.55372544783870     
   1.18750000000000       -1.22012495245114       -1.53443041546222     
   1.19531250000000       -1.23426002123729       -1.51821508305409     
   1.20312500000000       -1.24872032503080       -1.50542535869390     
   1.21093750000000       -1.26206336952818       -1.49907337702287     
   1.21875000000000       -1.27030725855779       -1.49357526617296     
   1.22656250000000       -1.27757068705066       -1.48848390524032     
   1.23437500000000       -1.28433537756117       -1.48445507514274     
   1.24218750000000       -1.29089511656900       -1.48190289766561     
   1.25000000000000       -1.29750098744222       -1.48132874283639     
   1.25781250000000       -1.30441928675981       -1.48350827282128     
   1.26562500000000       -1.31200499900683       -1.48987394387903     
   1.27343750000000       -1.32092457514192       -1.50398003743601     
   1.28125000000000       -1.31844294328003       -1.54229994689393     
   1.28906250000000       -1.28710432642014       -1.56620066939306     
   1.29687500000000       -1.25202538686694       -1.57894499275320     
   1.30468750000000       -1.21388323591689       -1.58398957466274     
   1.31250000000000       -1.17321144192257       -1.58184131875113     
   1.32031250000000       -1.13067032691282       -1.57216544506753     
   1.32812500000000       -1.08718764104180       -1.55415233126228     
   1.33593750000000       -1.04414312854341       -1.52652850230831     
   1.34375000000000       -1.00378734201553       -1.48713622971955     
   1.35156250000000      -0.971613999292175       -1.42905414359967     
   1.35937500000000      -0.979221670539860       -1.37652530798972     
   1.36718750000000      -0.982625997024556       -1.34304657235115     
   1.37500000000000      -0.983953936438002       -1.31410184674049     
   1.38281250000000      -0.984287079336090       -1.28736291925180     
   1.39062500000000      -0.984163580091999       -1.26181638173774     
   1.39843750000000      -0.983939680257974       -1.23691536835406     
   1.40625000000000      -0.983899360782765       -1.21233753979028     
   1.41406250000000      -0.984309543339752       -1.18789513031032     
   1.42187500000000      -0.985481519161202       -1.16350923055774     
   1.42968750000000      -0.988101355731133       -1.13929780316226     
   1.43750000000000      -0.991054072307831       -1.11738436527825     
   1.44531250000000      -0.993274760241097       -1.09529088055203     
   1.45312500000000      -0.995592457585788       -1.07284804439547     
   1.46093750000000      -0.998287322015374       -1.04997376081048     
   1.46875000000000       -1.00157303397970       -1.02659950847018     
   1.47656250000000       -1.00565394996353       -1.00265747914413     
   1.48437500000000       -1.01075645295084      -0.978065795578158     
   1.49218750000000       -1.01717068801978      -0.952700289833838     
   1.50000000000000       -1.02535164862700      -0.926317278890075     
   1.50781250000000       -1.03636162445185      -0.898194025299787     
   1.51562500000000       -1.05708034354343      -0.871483020032486     
   1.52343750000000       -1.07652148214450      -0.853975839394565     
   1.53125000000000       -1.09388967439593      -0.838410284987879     
   1.53906250000000       -1.11020246687316      -0.823909491018509     
   1.54687500000000       -1.12590332409943      -0.810114327472766     
   1.55468750000000       -1.14127184201634      -0.796816056845703     
   1.56250000000000       -1.15652888270826      -0.783864982502304     
   1.57031250000000       -1.17188819038909      -0.771129409118046     
   1.57812500000000       -1.18760749062215      -0.758460623843449     
   1.58593750000000       -1.20409454918584      -0.745626323735314     
   1.59375000000000       -1.22237118112267      -0.732019080133845     
   1.60156250000000       -1.24787202187092      -0.721617101435976     
   1.60937500000000       -1.27000329905893      -0.718709464544337     
   1.61718750000000       -1.28948771134260      -0.717419711032806     
   1.62500000000000       -1.30723729268682      -0.717230655307039     
   1.63281250000000       -1.32361958423487      -0.717981693210032     
   1.64062500000000       -1.33881626540655      -0.719640520923189     
   1.64843750000000       -1.35290544329502      -0.722258263595708     
   1.65625000000000       -1.36587997980583      -0.725971462350571     
   1.66406250000000       -1.37762908514317      -0.731040867455782     
   1.67187500000000       -1.38785945523248      -0.737966530961375     
   1.67968750000000       -1.39579544777582      -0.747894039390389     
   1.68750000000000       -1.39522159765377      -0.765881069437754     
   1.69531250000000       -1.38070896412354      -0.767550441350816     
   1.70312500000000       -1.37140815964621      -0.762211485108561     
   1.71093750000000       -1.36465299775246      -0.753465279558274     
   1.71875000000000       -1.35987448462606      -0.742251474437622     
   1.72656250000000       -1.35687627251849      -0.729031723305090     
   1.73437500000000       -1.35560798437993      -0.714086601398001     
   1.74218750000000       -1.35609952096575      -0.697607502834485     
   1.75000000000000       -1.35844108468831      -0.679732686112933     
   1.75781250000000       -1.36278783833086      -0.660559686608640     
   1.76562500000000       -1.36939823251434      -0.640137880581556     
   1.77343750000000       -1.37878216496632      -0.618410873892898     
   1.78125000000000       -1.39327636118712      -0.594560574628117     
   1.78906250000000       -1.41259475093322      -0.578590080660653     
   1.79687500000000       -1.42950915542403      -0.563880065727465     
   1.80468750000000       -1.44623871988619      -0.549341812265941     
   1.81250000000000       -1.46334189823302      -0.534736676575071     
   1.82031250000000       -1.48114395346605      -0.519951135737569     
   1.82812500000000       -1.49990108974737      -0.504913385932413     
   1.83593750000000       -1.51985958562205      -0.489564883172888     
   1.84375000000000       -1.54129470746199      -0.473843870988853     
   1.85156250000000       -1.56455648206182      -0.457668449390738     
   1.85937500000000       -1.59015274559304      -0.440907635926646     
   1.86718750000000       -1.61895804817787      -0.423308803885827     
   1.87500000000000       -1.65302889272062      -0.404208550348811     
   1.88281250000000       -1.70453392772470      -0.389092643817216     
   1.89062500000000       -1.74954066974316      -0.395578717058262     
   1.89843750000000       -1.78719972598259      -0.403595345535277     
   1.90625000000000       -1.82140471514917      -0.412170818790626     
   1.91406250000000       -1.85356868868412      -0.421068463178281     
   1.92187500000000       -1.88448341555792      -0.430215855053979     
   1.92968750000000       -1.91469980445936      -0.439608974896106     
   1.93750000000000       -1.94467041897480      -0.449287819425197     
   1.94531250000000       -1.97482841337383      -0.459335362515624     
   1.95312500000000       -2.00565596988655      -0.469892962392603     
   1.96093750000000       -2.03778022124804      -0.481201832664368     
   1.96875000000000       -2.07217382251713      -0.493712775479456     
   1.97656250000000       -2.11077627565731      -0.508467262207592     
   1.98437500000000       -2.16201170151162      -0.531582687099987     
   1.99218750000000       -2.19455152880865      -0.581358934203827     
   2.00000000000000       -2.21447412949802      -0.625532797361399     
   2.00781250000000       -2.22738191018397      -0.667988784255008     
   2.01562500000000       -2.23393795698890      -0.709168619349135     
   2.02343750000000       -2.23387783012924      -0.748782895066592     
   2.03125000000000       -2.22646904896123      -0.785880482121149     
   2.03906250000000       -2.21075617792855      -0.818597446145675     
   2.04687500000000       -2.18597367501562      -0.843711446230996     
   2.05468750000000       -2.15247047354270      -0.856122456368581     
   2.06250000000000       -2.11358002007956      -0.848736347447832     
   2.07031250000000       -2.07853627541971      -0.814030634640634     
   2.07812500000000       -2.06479889061837      -0.749173124564695     
   2.08593750000000       -2.09571623926945      -0.663966617997820     
   2.09375000000000       -2.20825327007461      -0.586860081281866     
   2.10156250000000       -2.31667897771448      -0.630358228943556     
   2.10937500000000       -2.37940592783415      -0.675557104755014     
   2.11718750000000       -2.42588160678576      -0.719209650706011     
   2.12500000000000       -2.46371022924357      -0.761268652706134     
   2.13281250000000       -2.49640234750809      -0.802363996950126     
   2.14062500000000       -2.52572109016238      -0.843215898255905     
   2.14843750000000       -2.55257371359718      -0.884438934204768     
   2.15625000000000       -2.57744162397687      -0.926539128695273     
   2.16406250000000       -2.60058365580002      -0.969977917945986     
   2.17187500000000       -2.62212075573583       -1.01525363067765     
   2.17968750000000       -2.64205310517026       -1.06300409342951     
   2.18750000000000       -2.66021604087795       -1.11417983125944     
   2.19531250000000       -2.67610569540364       -1.17045990223425     
   2.20312500000000       -2.68809821848683       -1.23584166917168     
   2.21093750000000       -2.67233262566651       -1.31763527130300     
   2.21875000000000       -2.64066023967242       -1.36566600651137     
   2.22656250000000       -2.61518500870944       -1.40390700980748     
   2.23437500000000       -2.59271743473332       -1.43724020597683     
   2.24218750000000       -2.57217122483055       -1.46729010317566     
   2.25000000000000       -2.55299875359147       -1.49486628211952     
   2.25781250000000       -2.53487775560946       -1.52044211613218     
   2.26562500000000       -2.51760357632524       -1.54431710967836     
   2.27343750000000       -2.50104266141896       -1.56668622842862     
   2.28125000000000       -2.48511034513421       -1.58767270704768     
   2.28906250000000       -2.46976080673608       -1.60734269355211     
   2.29687500000000       -2.45498542074224       -1.62570734354648     
   2.30468750000000       -2.44082077764346       -1.64271023423497     
   2.31250000000000       -2.42737656812419       -1.65818402944959     
   2.32031250000000       -2.41493232703017       -1.67169885863710     
   2.32812500000000       -2.40468790446218       -1.68136515409298     
   2.33593750000000       -2.40359003065840       -1.69447132351932     
   2.34375000000000       -2.40048453496191       -1.71190293118756     
   2.35156250000000       -2.39660754438778       -1.73061988085523     
   2.35937500000000       -2.39226265117159       -1.75017524948057     
   2.36718750000000       -2.38757548178638       -1.77040689121623     
   2.37500000000000       -2.38260599727909       -1.79125981519191     
   2.38281250000000       -2.37738102356363       -1.81273662353003     
   2.39062500000000       -2.37190648356232       -1.83488075028919     
   2.39843750000000       -2.36617192954472       -1.85777283392001     
   2.40625000000000       -2.36015090661977       -1.88153536406372     
   2.41406250000000       -2.35379772811274       -1.90634610640216     
   2.42187500000000       -2.34703922671791       -1.93246559420711     
   2.42968750000000       -2.33975651790055       -1.96029383349496     
   2.43750000000000       -2.33174099844358       -1.99050240746372     
   2.44531250000000       -2.32255933664089       -2.02442871962683     
   2.45312500000000       -2.31077355769170       -2.06627649708322     
   2.46093750000000       -2.27468281549045       -2.11078756685881     
   2.46875000000000       -2.23710756744306       -2.13764586514258     
   2.47656250000000       -2.20088183504274       -2.15872029997022     
   2.48437500000000       -2.16535105710655       -2.17574790882944     
   2.49218750000000       -2.13028285451060       -2.18938092841336     
   2.50000000000000       -2.09559324802588       -2.19990490415200     
   2.53125000000000       -1.96127112496499       -2.21154349691215     
   2.56250000000000       -1.84222723185434       -2.16496779616289     
   2.59375000000000       -1.83009367992407       -2.01025280637540     
   2.62500000000000       -1.94907461219148       -2.01973293420682     
   2.65625000000000       -2.02885153201607       -2.09714906651189     
   2.68750000000000       -2.09109336095206       -2.22242477038233     
   2.71875000000000       -2.13983399834300       -2.42752904192801     
   2.75000000000000       -1.96766995139469       -2.71808561964112     
   2.78125000000000       -1.72334466201766       -2.83773942147805     
   2.81250000000000       -1.46722774182689       -2.86884724618329     
   2.84375000000000       -1.21363549029253       -2.79912639000636     
   2.87500000000000       -1.04095626607617       -2.54896281037868     
   2.90625000000000       -1.12084740040833       -2.43337618953209     
   2.93750000000000       -1.15438317536283       -2.40353571737263     
   2.96875000000000       -1.17046829256275       -2.40396962380593     
   3.00000000000000       -1.17419268347364       -2.42612583923358     
   3.03125000000000       -1.15209233717973       -2.48030477188808     
   3.06250000000000       -1.08753218978067       -2.50254268929513     
   3.09375000000000       -1.02932407568764       -2.50873302136021     
   3.12500000000000      -0.973992744980273       -2.50635612724423     
   3.15625000000000      -0.921917205240978       -2.49573851442199     
   3.18750000000000      -0.877169670883594       -2.47122438644077     
   3.21875000000000      -0.861639422035707       -2.45845245690213     
   3.25000000000000      -0.839549234279493       -2.45880739853137     
   3.28125000000000      -0.814740573499222       -2.46372293745361     
   3.31250000000000      -0.787796392336283       -2.47247948038003     
   3.34375000000000      -0.758164698846476       -2.48675566895435     
   3.37500000000000      -0.710725934780063       -2.50693870903366     
   3.40625000000000      -0.657675054760205       -2.50847410390670     
   3.43750000000000      -0.607394277908054       -2.50172600129599     
   3.46875000000000      -0.560213779940652       -2.48748132620045     
   3.50000000000000      -0.517950433468206       -2.46405484817240     
   3.53125000000000      -0.487382484934155       -2.42314931943145     
   3.56250000000000      -0.509729542194472       -2.40085144829303     
   3.59375000000000      -0.518005519865911       -2.41328281242139     
   3.62500000000000      -0.517559816952823       -2.43782996139261     
   3.65625000000000      -0.509963603728700       -2.47304547108050     
   3.68750000000000      -0.494316929023685       -2.52124096550067     
   3.71875000000000      -0.463673562259126       -2.59483240388527     
   3.75000000000000      -0.362030620608290       -2.65184289399022     
   3.78125000000000      -0.270508437655952       -2.66842954202875     
   3.81250000000000      -0.183974087415177       -2.67195810626303     
   3.84375000000000      -0.100441046507168       -2.66616809660146     
   3.87500000000000      -1.918253375139511E-002  -2.65264991276934     
   3.90625000000000       6.046568496489674E-002  -2.63251765603924     
   3.93750000000000       0.141911108929168       -2.60334207320006     
   3.96875000000000       0.217759397394967       -2.56221971316940     
   4.00000000000000       0.287423818653605       -2.51245628647090     
   4.03125000000000       0.349966429513356       -2.45395006998823     
   4.06250000000000       0.403387873115315       -2.38594682970497     
   4.09375000000000       0.443595459319652       -2.30632518008019     
   4.12500000000000       0.451619784143798       -2.20296251618084     
   4.15625000000000       0.411442026162156       -2.16282151982396     
   4.18750000000000       0.397111134958579       -2.14308912788131     
   4.21875000000000       0.392762133831799       -2.13118617609107     
   4.25000000000000       0.395317654072704       -2.12477396854362     
   4.28125000000000       0.403929596829088       -2.12334568569293     
   4.31250000000000       0.419407781413983       -2.12786608529076     
   4.34375000000000       0.453059873157234       -2.14443801310558     
   4.37500000000000       0.506670675256183       -2.13106885990136     
   4.40625000000000       0.551119865883260       -2.10773460802061     
   4.43750000000000       0.591371895194751       -2.07946638857579     
   4.46875000000000       0.628397381904379       -2.04744511132941     
   4.50000000000000       0.662398373239965       -2.01210742744887     
   4.53125000000000       0.693142094535705       -1.97348806842163     
   4.56250000000000       0.719476308279958       -1.93077687405830     
   4.59375000000000       0.736100683574655       -1.88978472670104     
   4.62500000000000       0.752874850302360       -1.85192106542455     
   4.65625000000000       0.768426344303468       -1.81361943993551     
   4.68750000000000       0.781997215347109       -1.77432613060273     
   4.71875000000000       0.792861448230915       -1.73363844011643     
   4.75000000000000       0.799941059683730       -1.69102439147751     
   4.78125000000000       0.800939057420209       -1.64534672269181     
   4.81250000000000       0.780775456228270       -1.59671853621676     
   4.84375000000000       0.757354136607553       -1.58025497165794     
   4.87500000000000       0.744574345997671       -1.56977669102450     
   4.90625000000000       0.737410261754001       -1.56248014189416     
   4.93750000000000       0.734543582792626       -1.55763856060041     
   4.96875000000000       0.735606484590424       -1.55506492317054     
   5.00000000000000       0.740888955100886       -1.55495543515207     
   5.03125000000000       0.751839986253033       -1.55819573077117     
   5.06250000000000       0.780426470148954       -1.56549395237087     
   5.09375000000000       0.814051978098329       -1.54716319771968     
   5.12500000000000       0.839805653303063       -1.52372349060828     
   5.15625000000000       0.861536691495981       -1.49763997301440     
   5.18750000000000       0.880199523688339       -1.46961107373248     
   5.21875000000000       0.896086653719338       -1.43993500094400     
   5.25000000000000       0.909128817597007       -1.40871064016433     
   5.28125000000000       0.918815887169889       -1.37582857839934     
   5.31250000000000       0.923119659352918       -1.34050690852724     
   5.34375000000000       0.916511416724987       -1.31339041658096     
   5.37500000000000       0.915393057424855       -1.29270373651562     
   5.40625000000000       0.916200559907023       -1.27297254821715     
   5.43750000000000       0.917972909026660       -1.25374079460665     
   5.46875000000000       0.920302419534994       -1.23481723398825     
   5.50000000000000       0.922960500418559       -1.21609868143070     
   5.53125000000000       0.925792956971156       -1.19752149579594     
   5.56250000000000       0.928666270494730       -1.17904061192597     
   5.59375000000000       0.931328175655356       -1.16059806834756     
   5.62500000000000       0.933812406020290       -1.14308026644505     
   5.65625000000000       0.936845522452249       -1.12577039693876     
   5.68750000000000       0.940133374861623       -1.10855083899906     
   5.71875000000000       0.943634463761630       -1.09141521145145     
   5.75000000000000       0.947365403468186       -1.07437404531404     
   5.78125000000000       0.951398547887552       -1.05745652694353     
   5.81250000000000       0.955897640391116       -1.04072386312319     
   5.84375000000000       0.961239106452095       -1.02431291532133     
   5.87500000000000       0.968648486268665       -1.00866669949789     
   5.90625000000000       0.982253633659786      -0.987559120690729     
   5.93750000000000       0.990475544441765      -0.960637474704231     
   5.96875000000000       0.995483693742874      -0.932596034648253     
   6.00000000000000       0.997921791214832      -0.903758864663372     
   6.03125000000000       0.997914420974086      -0.874255832457415     
   6.06250000000000       0.995357519122021      -0.844142104416697     
   6.09375000000000       0.989938025434817      -0.813418653883431     
   6.12500000000000       0.981015801018068      -0.782014576526715     
   6.15625000000000       0.967159515461687      -0.749692011677659     
   6.18750000000000       0.942515800012406      -0.715242559156994     
   6.21875000000000       0.907651696227114      -0.705967043338137     
   6.25000000000000       0.886404621427539      -0.701771487873270     
   6.28125000000000       0.870030049586284      -0.698708141349212     
   6.31250000000000       0.856846543612808      -0.696387712736637     
   6.34375000000000       0.846117938691887      -0.694641928912696     
   6.37500000000000       0.837468613689518      -0.693387094974159     
   6.40625000000000       0.830724929425335      -0.692587346345725     
   6.43750000000000       0.825882390479104      -0.692247577333106     
   6.46875000000000       0.823184234292339      -0.692433338266846     
   6.50000000000000       0.823704122854940      -0.693413809744495     
   6.53125000000000       0.829983131888976      -0.689301217585891     
   6.56250000000000       0.832682288234522      -0.681653151516973     
   6.59375000000000       0.834254845967917      -0.673717023579012     
   6.62500000000000       0.835332609626053      -0.665653571099935     
   6.65625000000000       0.836175881965426      -0.657530267086825     
   6.68750000000000       0.836932798693676      -0.649385825394318     
   6.71875000000000       0.837710562071701      -0.641248018756891     
   6.75000000000000       0.838610020214767      -0.633142156186958     
   6.78125000000000       0.839759878052818      -0.625098991873514     
   6.81250000000000       0.841396631401851      -0.617172319068010     
   6.84375000000000       0.844501411660608      -0.609576628955798     
   6.87500000000000       0.848568550143682      -0.598142128303206     
   6.90625000000000       0.850604607088500      -0.586164537873061     
   6.93750000000000       0.851759229010402      -0.574002382102029     
   6.96875000000000       0.852239780498831      -0.561709984323733     
   7.00000000000000       0.852120634765884      -0.549312007069905     
   7.03125000000000       0.851416979809576      -0.536820638903003     
   7.06250000000000       0.850100489174709      -0.524240036914247     
   7.09375000000000       0.848093370950879      -0.511566561730888     
   7.12500000000000       0.845237157978139      -0.498785097000254     
   7.15625000000000       0.841189293363551      -0.485855142741124     
   7.18750000000000       0.834862319777432      -0.472631915182236     
   7.21875000000000       0.824352108225201      -0.464794168132015     
   7.25000000000000       0.818247887890203      -0.460102525251223     
   7.28125000000000       0.813943591973185      -0.455684066345287     
   7.31250000000000       0.810822905653573      -0.451444788907661     
   7.34375000000000       0.808648692603276      -0.447347215622421     
   7.37500000000000       0.807313538000148      -0.443373195289500     
   7.40625000000000       0.806777408153992      -0.439514490247107     
   7.43750000000000       0.807048426395894      -0.435769757499619     
   7.46875000000000       0.808182664281075      -0.432144285379489     
   7.50000000000000       0.810304149783009      -0.428652524457068     
   7.53125000000000       0.813680482873659      -0.425328127922497     
   7.56250000000000       0.819235005589842      -0.422292926143331     
   7.59375000000000       0.827164027108883      -0.415322182297264     
   7.62500000000000       0.833306239575182      -0.407447132125052     
   7.65625000000000       0.839380388865739      -0.399531778102315     
   7.68750000000000       0.845864589538397      -0.391637692525587     
   7.71875000000000       0.853137837410920      -0.383809030933588     
   7.75000000000000       0.861632509957886      -0.376092358803250     
   7.78125000000000       0.871943538395353      -0.368548958279302     
   7.81250000000000       0.884998417510456      -0.361272530960349     
   7.84375000000000       0.902423578804713      -0.354426706108997     
   7.87500000000000       0.927532201773246      -0.348346517214622     
   7.90625000000000       0.968929535921278      -0.343912500278955     
   7.93750000000000        1.06567574527236      -0.345204534564636     
   7.96875000000000        1.08968684713720       4.496000016837729E-018
   8.00000000000000       0.950414286750754      -1.909604080815858E-018
   8.03125000000000       0.884902806680922       6.511294954813494E-018
   8.06250000000000       0.840208300170397      -5.301891569776573E-018
   8.09375000000000       0.805658213943696      -2.352992140475959E-019
   8.12500000000000       0.777188356681003      -1.288153156667077E-018
   8.15625000000000       0.752802435635385       1.098645103571258E-017
   8.18750000000000       0.731366777395174      -8.364361772593741E-021
   8.21875000000000       0.712173300394327      -3.708370914322134E-019
   8.25000000000000       0.694748792083621      -1.541320370558975E-017
   8.28125000000000       0.678760554060015      -1.096797784612203E-017
   8.31250000000000       0.663965256799784      -9.139102638621599E-018
   8.34375000000000       0.650179210015787      -4.574277261979926E-019
   8.37500000000000       0.637260098836738      -1.099303932311594E-017
   8.40625000000000       0.625095247831596       5.101636866116460E-019
   8.43750000000000       0.613593793239361       1.095124130724266E-017
   8.46875000000000       0.602681294913738      -3.647356311087691E-018
   8.50000000000000       0.592295926432892       1.563481390933871E-017
   8.53125000000000       0.582385717589096      -7.644999370568015E-018
   8.56250000000000       0.572906517413875      -3.739582733311447E-018
   8.59375000000000       0.563820462250334      -1.086337307350078E-017
   8.62500000000000       0.555094805067796      -7.206641207783380E-019
   8.65625000000000       0.546701007842062      -3.317662222264417E-018
   8.68750000000000       0.538614028950312      -1.538266401046549E-018
   8.71875000000000       0.530811756998694       2.979987818341072E-018
   8.75000000000000       0.523274556186312      -1.531606622089484E-017
   8.78125000000000       0.515984897793552       4.966740467576181E-018
   8.81250000000000       0.508927058679229       2.201348253837765E-018
   8.84375000000000       0.502086872709836       6.561610690337661E-019
   8.87500000000000       0.495451524122033      -7.797267208433212E-018
   8.90625000000000       0.489009374715779      -1.681966224930298E-018
   8.93750000000000       0.482749818228775       2.130179138269792E-018
   8.96875000000000       0.476663157015331      -1.063049909481770E-017
   9.00000000000000       0.470740496894072       1.163759262382188E-018
   9.03125000000000       0.464973657102077      -5.000787004507627E-018
   9.06250000000000       0.459355092785693       1.987055180793134E-018
   9.09375000000000       0.453877827933952      -3.243202437943211E-018
   9.12500000000000       0.448535397096583       2.083278518099536E-018
   9.15625000000000       0.443321794600083       5.014320819591563E-018
   9.18750000000000       0.438231430017900       3.660630114133657E-018
   9.21875000000000       0.433259089044207       4.548889031376472E-018
   9.25000000000000       0.428399899002764       5.396940248885457E-018
   9.28125000000000       0.423649298263087      -5.521896310964413E-018
   9.31250000000000       0.419003009145835      -4.209262576848168E-018
   9.34375000000000       0.414457013763290       4.899042236781907E-019
   9.37500000000000       0.410007532429993      -5.073086978791061E-018
   9.40625000000000       0.405651004373837      -6.051327178573453E-018
   9.43750000000000       0.401384070361955      -3.215706631552542E-018
   9.46875000000000       0.397203557099855       2.949218799437200E-018
   9.50000000000000       0.393106463121871      -2.044945055878356E-018
   9.53125000000000       0.389089946071519       8.353049855476863E-018
   9.56250000000000       0.385151311161149       1.941185247932305E-018
   9.59375000000000       0.381288000626549       6.485860138523517E-018
   9.62500000000000       0.377497584243814       1.019282373460048E-018
   9.65625000000000       0.373777750583252       1.031036285619470E-018
   9.68750000000000       0.370126299083844       1.820767311730250E-018
   9.71875000000000       0.366541132736514      -2.846543281700239E-019
   9.75000000000000       0.363020251465435       9.206263263647260E-019
   9.78125000000000       0.359561745943394      -2.418081039051131E-018
   9.81250000000000       0.356163792005964       5.349758552304008E-018
   9.84375000000000       0.352824645408758       5.494233409676507E-018
   9.87500000000000       0.349542637068869       3.934425436684348E-018
   9.90625000000000       0.346316168664059       1.944511769506036E-018
   9.93750000000000       0.343143708477327       7.909845113532531E-019
   9.96875000000000       0.340023787636351       2.018781871786899E-020
   10.0000000000000       0.336954996601080      -9.357363875181777E-019
   11.0000000000000       0.306322724182800       0.000000000000000E+000
   12.0000000000000       0.280795830500900       0.000000000000000E+000
   13.0000000000000       0.259196151231600       0.000000000000000E+000
   14.0000000000000       0.240682140429343       0.000000000000000E+000
   15.0000000000000       0.224636664400720       0.000000000000000E+000
   16.0000000000000       0.210596872875675       0.000000000000000E+000
   17.0000000000000       0.198208821530047       0.000000000000000E+000
   18.0000000000000       0.187197220333933       0.000000000000000E+000
   19.0000000000000       0.177344735053200       0.000000000000000E+000
   20.0000000000000       0.168477498300540       0.000000000000000E+000
   21.0000000000000       0.160454760286229       0.000000000000000E+000
   22.0000000000000       0.153161362091400       0.000000000000000E+000
   23.0000000000000       0.146502172435252       0.000000000000000E+000
   24.0000000000000       0.140397915250450       0.000000000000000E+000
   25.0000000000000       0.134781998640432       0.000000000000000E+000
   26.0000000000000       0.129598075615800       0.000000000000000E+000
   27.0000000000000       0.124798146889289       0.000000000000000E+000
   28.0000000000000       0.120341070214671       0.000000000000000E+000
   29.0000000000000       0.116191378138303       0.000000000000000E+000
   30.0000000000000       0.112318332200360       0.000000000000000E+000
   31.0000000000000       0.108695160193897       0.000000000000000E+000
   32.0000000000000       0.105298436437838       0.000000000000000E+000
   33.0000000000000       0.102107574727600       0.000000000000000E+000
   34.0000000000000       9.910441076502353E-002  0.000000000000000E+000
   35.0000000000000       9.627285617173716E-002  0.000000000000000E+000
   36.0000000000000       9.359861016696668E-002  0.000000000000000E+000
   37.0000000000000       9.106891800029190E-002  0.000000000000000E+000
   38.0000000000000       8.867236752660002E-002  0.000000000000000E+000
   39.0000000000000       8.639871707720001E-002  0.000000000000000E+000
   40.0000000000000       8.423874915027001E-002  0.000000000000000E+000
   41.0000000000000       8.218414551245855E-002  0.000000000000000E+000
   42.0000000000000       8.022738014311430E-002  0.000000000000000E+000
   43.0000000000000       7.836162711653025E-002  0.000000000000000E+000
   44.0000000000000       7.658068104570001E-002  0.000000000000000E+000
   45.0000000000000       7.487888813357334E-002  0.000000000000000E+000
   46.0000000000000       7.325108621762609E-002  0.000000000000000E+000
   47.0000000000000       7.169255246831491E-002  0.000000000000000E+000
   48.0000000000000       7.019895762522500E-002  0.000000000000000E+000
   49.0000000000000       6.876632583695511E-002  0.000000000000000E+000
   50.0000000000000       6.739099932021601E-002  0.000000000000000E+000
   51.0000000000000       6.606960717668237E-002  0.000000000000000E+000
   52.0000000000000       6.479903780790000E-002  0.000000000000000E+000
   53.0000000000000       6.357641445303397E-002  0.000000000000000E+000
   54.0000000000000       6.239907344464445E-002  0.000000000000000E+000
   55.0000000000000       6.126454483656001E-002  0.000000000000000E+000
   56.0000000000000       6.017053510733572E-002  0.000000000000000E+000
   57.0000000000000       5.911491168440001E-002  0.000000000000000E+000
   58.0000000000000       5.809568906915173E-002  0.000000000000000E+000
   59.0000000000000       5.711101637306441E-002  0.000000000000000E+000
   60.0000000000000       5.615916610018001E-002  0.000000000000000E+000
   61.0000000000000       5.523852403296394E-002  0.000000000000000E+000
   62.0000000000000       5.434758009694839E-002  0.000000000000000E+000
   63.0000000000000       5.348492009540953E-002  0.000000000000000E+000
   64.0000000000000       5.264921821891876E-002  0.000000000000000E+000
   65.0000000000000       5.183923024632001E-002  0.000000000000000E+000
   66.0000000000000       5.105378736380001E-002  0.000000000000000E+000
   67.0000000000000       5.029179053747463E-002  0.000000000000000E+000
   68.0000000000000       4.955220538251177E-002  0.000000000000000E+000
   69.0000000000000       4.883405747841740E-002  0.000000000000000E+000
   70.0000000000000       4.813642808586858E-002  0.000000000000000E+000
   71.0000000000000       4.745845022550423E-002  0.000000000000000E+000
   72.0000000000000       4.679930508348334E-002  0.000000000000000E+000
   73.0000000000000       4.615821871247672E-002  0.000000000000000E+000
   74.0000000000000       4.553445900014595E-002  0.000000000000000E+000
   75.0000000000000       4.492733288014401E-002  0.000000000000000E+000
   76.0000000000000       4.433618376330001E-002  0.000000000000000E+000
   77.0000000000000       4.376038916897143E-002  0.000000000000000E+000
   78.0000000000000       4.319935853860001E-002  0.000000000000000E+000
   79.0000000000000       4.265253121532659E-002  0.000000000000000E+000
   80.0000000000000       4.211937457513500E-002  0.000000000000000E+000
   81.0000000000000       4.159938229642964E-002  0.000000000000000E+000
   82.0000000000000       4.109207275622927E-002  0.000000000000000E+000
   83.0000000000000       4.059698754229880E-002  0.000000000000000E+000
   84.0000000000000       4.011369007155715E-002  0.000000000000000E+000
   85.0000000000000       3.964176430600942E-002  0.000000000000000E+000
   86.0000000000000       3.918081355826512E-002  0.000000000000000E+000
   87.0000000000000       3.873045937943449E-002  0.000000000000000E+000
   88.0000000000000       3.829034052285001E-002  0.000000000000000E+000
   89.0000000000000       3.786011197764944E-002  0.000000000000000E+000
   90.0000000000000       3.743944406678667E-002  0.000000000000000E+000
   91.0000000000000       3.702802160451429E-002  0.000000000000000E+000
   92.0000000000000       3.662554310881305E-002  0.000000000000000E+000
   93.0000000000000       3.623172006463226E-002  0.000000000000000E+000
   94.0000000000000       3.584627623415745E-002  0.000000000000000E+000
   95.0000000000000       3.546894701064000E-002  0.000000000000000E+000
   96.0000000000000       3.509947881261250E-002  0.000000000000000E+000
   97.0000000000000       3.473762851557526E-002  0.000000000000000E+000
   98.0000000000000       3.438316291847755E-002  0.000000000000000E+000
   99.0000000000000       3.403585824253334E-002  0.000000000000000E+000
   100.000000000000       3.369549966010801E-002  0.000000000000000E+000
   101.000000000000       3.336188085159209E-002  0.000000000000000E+000
   102.000000000000       3.303480358834118E-002  0.000000000000000E+000
   103.000000000000       3.271407733991068E-002  0.000000000000000E+000
   104.000000000000       3.239951890395000E-002  0.000000000000000E+000
   105.000000000000       3.209095205724572E-002  0.000000000000000E+000
   106.000000000000       3.178820722651698E-002  0.000000000000000E+000
   107.000000000000       3.149112117767103E-002  0.000000000000000E+000
   108.000000000000       3.119953672232223E-002  0.000000000000000E+000
   109.000000000000       3.091330244046606E-002  0.000000000000000E+000
   110.000000000000       3.063227241828000E-002  0.000000000000000E+000
   111.000000000000       3.035630600009730E-002  0.000000000000000E+000
   112.000000000000       3.008526755366786E-002  0.000000000000000E+000
   113.000000000000       2.981902624788319E-002  0.000000000000000E+000
   114.000000000000       2.955745584220000E-002  0.000000000000000E+000
   115.000000000000       2.930043448705044E-002  0.000000000000000E+000
   116.000000000000       2.904784453457587E-002  0.000000000000000E+000
   117.000000000000       2.879957235906667E-002  0.000000000000000E+000
   118.000000000000       2.855550818653221E-002  0.000000000000000E+000
   119.000000000000       2.831554593286387E-002  0.000000000000000E+000
   120.000000000000       2.807958305009000E-002  0.000000000000000E+000
   121.000000000000       2.784752038025455E-002  0.000000000000000E+000
   122.000000000000       2.761926201648197E-002  0.000000000000000E+000
   123.000000000000       2.739471517081951E-002  0.000000000000000E+000
   124.000000000000       2.717379004847420E-002  0.000000000000000E+000
   125.000000000000       2.695639972808640E-002  0.000000000000000E+000
   126.000000000000       2.674246004770477E-002  0.000000000000000E+000
   127.000000000000       2.653188949614804E-002  0.000000000000000E+000
   128.000000000000       2.632460910945938E-002  0.000000000000000E+000
   129.000000000000       2.612054237217675E-002  0.000000000000000E+000
   130.000000000000       2.591961512316000E-002  0.000000000000000E+000
   131.000000000000       2.572175546573130E-002  0.000000000000000E+000
   132.000000000000       2.552689368190000E-002  0.000000000000000E+000
   133.000000000000       2.533496215045715E-002  0.000000000000000E+000
   134.000000000000       2.514589526873732E-002  0.000000000000000E+000
   135.000000000000       2.495962937785778E-002  0.000000000000000E+000
   136.000000000000       2.477610269125588E-002  0.000000000000000E+000
   137.000000000000       2.459525522635621E-002  0.000000000000000E+000
   138.000000000000       2.441702873920870E-002  0.000000000000000E+000
   139.000000000000       2.424136666194820E-002  0.000000000000000E+000
   140.000000000000       2.406821404293429E-002  0.000000000000000E+000
   141.000000000000       2.389751748943830E-002  0.000000000000000E+000
   142.000000000000       2.372922511275212E-002  0.000000000000000E+000
   143.000000000000       2.356328647560000E-002  0.000000000000000E+000
   144.000000000000       2.339965254174167E-002  0.000000000000000E+000
   145.000000000000       2.323827562766069E-002  0.000000000000000E+000
   146.000000000000       2.307910935623836E-002  0.000000000000000E+000
   147.000000000000       2.292210861231837E-002  0.000000000000000E+000
   148.000000000000       2.276722950007298E-002  0.000000000000000E+000
   149.000000000000       2.261442930208591E-002  0.000000000000000E+000
   150.000000000000       2.246366644007200E-002  0.000000000000000E+000
   151.000000000000       2.231490043715762E-002  0.000000000000000E+000
   152.000000000000       2.216809188165000E-002  0.000000000000000E+000
   153.000000000000       2.202320239222745E-002  0.000000000000000E+000
   154.000000000000       2.188019458448572E-002  0.000000000000000E+000
   155.000000000000       2.173903203877936E-002  0.000000000000000E+000
   156.000000000000       2.159967926930000E-002  0.000000000000000E+000
   157.000000000000       2.146210169433631E-002  0.000000000000000E+000
   158.000000000000       2.132626560766330E-002  0.000000000000000E+000
   159.000000000000       2.119213815101132E-002  0.000000000000000E+000
   160.000000000000       2.105968728756750E-002  0.000000000000000E+000
   161.000000000000       2.092888177646460E-002  0.000000000000000E+000
   162.000000000000       2.079969114821482E-002  0.000000000000000E+000
   163.000000000000       2.067208568104785E-002  0.000000000000000E+000
   164.000000000000       2.054603637811464E-002  0.000000000000000E+000
   165.000000000000       2.042151494552000E-002  0.000000000000000E+000
   166.000000000000       2.029849377114940E-002  0.000000000000000E+000
   167.000000000000       2.017694590425629E-002  0.000000000000000E+000
   168.000000000000       2.005684503577857E-002  0.000000000000000E+000
   169.000000000000       1.993816547935385E-002  0.000000000000000E+000
   170.000000000000       1.982088215300471E-002  0.000000000000000E+000
   171.000000000000       1.970497056146667E-002  0.000000000000000E+000
   172.000000000000       1.959040677913256E-002  0.000000000000000E+000
   173.000000000000       1.947716743358844E-002  0.000000000000000E+000
   174.000000000000       1.936522968971724E-002  0.000000000000000E+000
   175.000000000000       1.925457123434743E-002  0.000000000000000E+000
   176.000000000000       1.914517026142500E-002  0.000000000000000E+000
   177.000000000000       1.903700545768814E-002  0.000000000000000E+000
   178.000000000000       1.893005598882472E-002  0.000000000000000E+000
   179.000000000000       1.882430148609386E-002  0.000000000000000E+000
   180.000000000000       1.871972203339333E-002  0.000000000000000E+000
   181.000000000000       1.861629815475580E-002  0.000000000000000E+000
   182.000000000000       1.851401080225714E-002  0.000000000000000E+000
   183.000000000000       1.841284134432131E-002  0.000000000000000E+000
   184.000000000000       1.831277155440652E-002  0.000000000000000E+000
   185.000000000000       1.821378360005838E-002  0.000000000000000E+000
   186.000000000000       1.811586003231613E-002  0.000000000000000E+000
   187.000000000000       1.801898377545882E-002  0.000000000000000E+000
   188.000000000000       1.792313811707873E-002  0.000000000000000E+000
   189.000000000000       1.782830669846984E-002  0.000000000000000E+000
   190.000000000000       1.773447350532000E-002  0.000000000000000E+000
   191.000000000000       1.764162285869529E-002  0.000000000000000E+000
   192.000000000000       1.754973940630625E-002  0.000000000000000E+000
   193.000000000000       1.745880811404560E-002  0.000000000000000E+000
   194.000000000000       1.736881425778763E-002  0.000000000000000E+000
   195.000000000000       1.727974341544000E-002  0.000000000000000E+000
   196.000000000000       1.719158145923878E-002  0.000000000000000E+000
   197.000000000000       1.710431454827818E-002  0.000000000000000E+000
   198.000000000000       1.701792912126667E-002  0.000000000000000E+000
   199.000000000000       1.693241188950151E-002  0.000000000000000E+000
   200.000000000000       1.684774983005400E-002  0.000000000000000E+000
   201.000000000000       1.676393017915821E-002  0.000000000000000E+000
   202.000000000000       1.668094042579604E-002  0.000000000000000E+000
   203.000000000000       1.659876830547192E-002  0.000000000000000E+000
   204.000000000000       1.651740179417059E-002  0.000000000000000E+000
   205.000000000000       1.643682910249171E-002  0.000000000000000E+000
   206.000000000000       1.635703866995534E-002  0.000000000000000E+000
   207.000000000000       1.627801915947246E-002  0.000000000000000E+000
   208.000000000000       1.619975945197500E-002  0.000000000000000E+000
   209.000000000000       1.612224864120000E-002  0.000000000000000E+000
   210.000000000000       1.604547602862286E-002  0.000000000000000E+000
   211.000000000000       1.596943111853460E-002  0.000000000000000E+000
   212.000000000000       1.589410361325849E-002  0.000000000000000E+000
   213.000000000000       1.581948340850141E-002  0.000000000000000E+000
   214.000000000000       1.574556058883552E-002  0.000000000000000E+000
   215.000000000000       1.567232542330605E-002  0.000000000000000E+000
   216.000000000000       1.559976836116111E-002  0.000000000000000E+000
   217.000000000000       1.552788002769954E-002  0.000000000000000E+000
   218.000000000000       1.545665122023303E-002  0.000000000000000E+000
   219.000000000000       1.538607290415891E-002  0.000000000000000E+000
   220.000000000000       1.531613620914000E-002  0.000000000000000E+000
   221.000000000000       1.524683242538824E-002  0.000000000000000E+000
   222.000000000000       1.517815300004865E-002  0.000000000000000E+000
   223.000000000000       1.511008953368072E-002  0.000000000000000E+000
   224.000000000000       1.504263377683393E-002  0.000000000000000E+000
   225.000000000000       1.497577762671467E-002  0.000000000000000E+000
   226.000000000000       1.490951312394159E-002  0.000000000000000E+000
   227.000000000000       1.484383244938679E-002  0.000000000000000E+000
   228.000000000000       1.477872792110000E-002  0.000000000000000E+000
   229.000000000000       1.471419199131354E-002  0.000000000000000E+000
   230.000000000000       1.465021724352522E-002  0.000000000000000E+000
   231.000000000000       1.458679638965714E-002  0.000000000000000E+000
   232.000000000000       1.452392226728793E-002  0.000000000000000E+000
   233.000000000000       1.446158783695622E-002  0.000000000000000E+000
   234.000000000000       1.439978617953334E-002  0.000000000000000E+000
   235.000000000000       1.433851049366298E-002  0.000000000000000E+000
   236.000000000000       1.427775409326610E-002  0.000000000000000E+000
   237.000000000000       1.421751040510886E-002  0.000000000000000E+000
   238.000000000000       1.415777296643193E-002  0.000000000000000E+000
   239.000000000000       1.409853542263933E-002  0.000000000000000E+000
   240.000000000000       1.403979152504500E-002  0.000000000000000E+000
   241.000000000000       1.398153512867552E-002  0.000000000000000E+000
   242.000000000000       1.392376019012727E-002  0.000000000000000E+000
   243.000000000000       1.386646076547655E-002  0.000000000000000E+000
   244.000000000000       1.380963100824099E-002  0.000000000000000E+000
   245.000000000000       1.375326516739102E-002  0.000000000000000E+000
   246.000000000000       1.369735758540976E-002  0.000000000000000E+000
   247.000000000000       1.364190269640000E-002  0.000000000000000E+000
   248.000000000000       1.358689502423710E-002  0.000000000000000E+000
   249.000000000000       1.353232918076627E-002  0.000000000000000E+000
   250.000000000000       1.347819986404320E-002  0.000000000000000E+000
   251.000000000000       1.342450185661673E-002  0.000000000000000E+000
   252.000000000000       1.337123002385238E-002  0.000000000000000E+000
   253.000000000000       1.331837931229565E-002  0.000000000000000E+000
   254.000000000000       1.326594474807402E-002  0.000000000000000E+000
   255.000000000000       1.321392143533647E-002  0.000000000000000E+000
   256.000000000000       1.316230455472969E-002  0.000000000000000E+000
   257.000000000000       1.311108936190973E-002  0.000000000000000E+000
   258.000000000000       1.306027118608837E-002  0.000000000000000E+000
   259.000000000000       1.300984542861313E-002  0.000000000000000E+000
   260.000000000000       1.295980756158000E-002  0.000000000000000E+000
   261.000000000000       1.291015312647816E-002  0.000000000000000E+000
   262.000000000000       1.286087773286565E-002  0.000000000000000E+000
   263.000000000000       1.281197705707529E-002  0.000000000000000E+000
   264.000000000000       1.276344684095000E-002  0.000000000000000E+000
   265.000000000000       1.271528289060679E-002  0.000000000000000E+000
   266.000000000000       1.266748107522857E-002  0.000000000000000E+000
   267.000000000000       1.262003732588315E-002  0.000000000000000E+000
   268.000000000000       1.257294763436866E-002  0.000000000000000E+000
   269.000000000000       1.252620805208476E-002  0.000000000000000E+000
   270.000000000000       1.247981468892889E-002  0.000000000000000E+000
   271.000000000000       1.243376371221698E-002  0.000000000000000E+000
   272.000000000000       1.238805134562794E-002  0.000000000000000E+000
   273.000000000000       1.234267386817143E-002  0.000000000000000E+000
   274.000000000000       1.229762761317810E-002  0.000000000000000E+000
   275.000000000000       1.225290896731200E-002  0.000000000000000E+000
   276.000000000000       1.220851436960435E-002  0.000000000000000E+000
   277.000000000000       1.216444031050831E-002  0.000000000000000E+000
   278.000000000000       1.212068333097410E-002  0.000000000000000E+000
   279.000000000000       1.207724002154409E-002  0.000000000000000E+000
   280.000000000000       1.203410702146714E-002  0.000000000000000E+000
   281.000000000000       1.199128101783203E-002  0.000000000000000E+000
   282.000000000000       1.194875874471915E-002  0.000000000000000E+000
   283.000000000000       1.190653698237032E-002  0.000000000000000E+000
   284.000000000000       1.186461255637606E-002  0.000000000000000E+000
   285.000000000000       1.182298233688000E-002  0.000000000000000E+000
   286.000000000000       1.178164323780000E-002  0.000000000000000E+000
   287.000000000000       1.174059221606551E-002  0.000000000000000E+000
   288.000000000000       1.169982627087083E-002  0.000000000000000E+000
   289.000000000000       1.165934244294395E-002  0.000000000000000E+000
   290.000000000000       1.161913781383035E-002  0.000000000000000E+000
   291.000000000000       1.157920950519175E-002  0.000000000000000E+000
   292.000000000000       1.153955467811918E-002  0.000000000000000E+000
   293.000000000000       1.150017053246007E-002  0.000000000000000E+000
   294.000000000000       1.146105430615918E-002  0.000000000000000E+000
   295.000000000000       1.142220327461288E-002  0.000000000000000E+000
   296.000000000000       1.138361475003649E-002  0.000000000000000E+000
   297.000000000000       1.134528608084445E-002  0.000000000000000E+000
   298.000000000000       1.130721465104296E-002  0.000000000000000E+000
   299.000000000000       1.126939787963478E-002  0.000000000000000E+000
   300.000000000000       1.123183322003600E-002  0.000000000000000E+000
   301.000000000000       1.119451815950432E-002  0.000000000000000E+000
   302.000000000000       1.115745021857881E-002  0.000000000000000E+000
   303.000000000000       1.112062695053069E-002  0.000000000000000E+000
   304.000000000000       1.108404594082500E-002  0.000000000000000E+000
   305.000000000000       1.104770480659279E-002  0.000000000000000E+000
   306.000000000000       1.101160119611373E-002  0.000000000000000E+000
   307.000000000000       1.097573278830880E-002  0.000000000000000E+000
   308.000000000000       1.094009729224286E-002  0.000000000000000E+000
   309.000000000000       1.090469244663689E-002  0.000000000000000E+000
   310.000000000000       1.086951601938968E-002  0.000000000000000E+000
