  0.000000000000000E+000  -3.21692584824648      -1.776579055630914E-017
  7.812500000000000E-003  -3.21804081274842      -3.113207359215608E-003
  1.562500000000000E-002  -3.22143538976190      -8.227097236626736E-003
  2.343750000000000E-002  -3.22423864361468      -1.496345419799935E-002
  3.125000000000000E-002  -3.22688004491307      -2.040708464829278E-002
  3.906250000000000E-002  -3.23076599923595      -2.717561030577787E-002
  4.687500000000000E-002  -3.23730301195650      -3.465730527759581E-002
  5.468750000000000E-002  -3.24054470337282      -4.667854079334863E-002
  6.250000000000000E-002  -3.24167458889777      -5.404689010935722E-002
  7.031250000000000E-002  -3.24541749486829      -6.055991695923058E-002
  7.812500000000000E-002  -3.24979026035615      -7.132096376883851E-002
  8.593750000000000E-002  -3.24659523401531      -7.421536016163249E-002
  9.375000000000000E-002  -3.25852563398613      -7.476733117951312E-002
  0.101562500000000       -3.26878385696185      -8.162184639410702E-002
  0.109375000000000       -3.29106307581248      -9.549185661374117E-002
  0.117187500000000       -3.28783337794639      -0.115743269034187     
  0.125000000000000       -3.29279527469927      -0.130476720873021     
  0.132812500000000       -3.28568573925874      -0.121140679856516     
  0.140625000000000       -3.32322443984781      -0.109192595093769     
  0.148437500000000       -3.35899877603767      -0.148727882016612     
  0.156250000000000       -3.37791572109501      -0.188897014391022     
  0.164062500000000       -3.37220365522188      -0.229563002287850     
  0.171875000000000       -3.37149907115988      -0.259302731347808     
  0.179687500000000       -3.35467004759056      -0.296355998473545     
  0.187500000000000       -3.34009134230488      -0.311735924787240     
  0.195312500000000       -3.32179099704065      -0.341395458765860     
  0.203125000000000       -3.28454422697474      -0.317214293025390     
  0.210937500000000       -3.29657498706629      -0.291532187247055     
  0.218750000000000       -3.33690225171655      -0.288232307541986     
  0.226562500000000       -3.37014713579031      -0.311185450485953     
  0.234375000000000       -3.39622390194609      -0.354857210301781     
  0.242187500000000       -3.39103045738061      -0.387253590918900     
  0.250000000000000       -3.40748865951711      -0.418615541543050     
  0.257812500000000       -3.42792379046628      -0.489550826100714     
  0.265625000000000       -3.36137598067105      -0.546986020314452     
  0.273437500000000       -3.31477744772929      -0.563227684356848     
  0.281250000000000       -3.25820055388495      -0.577203386026363     
  0.289062500000000       -3.22238086012687      -0.530674009784710     
  0.296875000000000       -3.22048350666136      -0.500228151805466     
  0.304687500000000       -3.22878495061887      -0.475365057684559     
  0.312500000000000       -3.25239649647308      -0.461759523321637     
  0.320312500000000       -3.27492985523135      -0.456296009182631     
  0.328125000000000       -3.30281723024831      -0.450581041879397     
  0.335937500000000       -3.35143788036385      -0.464488267519378     
  0.343750000000000       -3.38558129077665      -0.499014830791578     
  0.351562500000000       -3.40982835650723      -0.548471561703344     
  0.359375000000000       -3.38437150320676      -0.608168504817548     
  0.367187500000000       -3.36557658080692      -0.610183696546232     
  0.375000000000000       -3.36667681437140      -0.610194167016977     
  0.382812500000000       -3.38231950528077      -0.607239004533615     
  0.390625000000000       -3.42766383158115      -0.628523912506192     
  0.398437500000000       -3.45591661261638      -0.675656046219588     
  0.406250000000000       -3.47118052080434      -0.739679071667225     
  0.414062500000000       -3.44230581387691      -0.834404289635396     
  0.421875000000000       -3.36902329368679      -0.832523031196451     
  0.429687500000000       -3.34593642122213      -0.821416993717153     
  0.437500000000000       -3.33904937996440      -0.811497388933408     
  0.445312500000000       -3.34639081131717      -0.798816573942217     
  0.453125000000000       -3.36950295098002      -0.803884799062498     
  0.460937500000000       -3.39151163497157      -0.816599946174148     
  0.468750000000000       -3.41603174914754      -0.835613841845163     
  0.476562500000000       -3.44421425270860      -0.864549395207569     
  0.484375000000000       -3.46350539135668      -0.904297324037541     
  0.492187500000000       -3.48216357391161      -0.946605481995884     
  0.500000000000000       -3.49988340342399      -0.998913101220569     
  0.507812500000000       -3.51056447637901       -1.07012488968792     
  0.515625000000000       -3.47236142089746       -1.14616902095769     
  0.523437500000000       -3.43603879294889       -1.18694356919664     
  0.531250000000000       -3.40320491700870       -1.22380794032150     
  0.539062500000000       -3.36611059405513       -1.25983020022383     
  0.546875000000000       -3.30607827012987       -1.29058471617207     
  0.554687500000000       -3.26263492042320       -1.27061757585340     
  0.562500000000000       -3.24411808236858       -1.25564421496155     
  0.570312500000000       -3.23830107197828       -1.24371488649120     
  0.578125000000000       -3.24480483066088       -1.23523137109749     
  0.585937500000000       -3.26672002804239       -1.24358007368328     
  0.593750000000000       -3.27485861912528       -1.26316961534050     
  0.601562500000000       -3.28293830923269       -1.28181246472297     
  0.609375000000000       -3.29335688419563       -1.30223910601633     
  0.617187500000000       -3.30808423444835       -1.32637788402102     
  0.625000000000000       -3.33125702836290       -1.36637519933016     
  0.632812500000000       -3.33249920007949       -1.41848443935307     
  0.640625000000000       -3.32558967014194       -1.46751108931087     
  0.648437500000000       -3.31159605148287       -1.51548293015543     
  0.656250000000000       -3.28887225147304       -1.56089295503315     
  0.664062500000000       -3.25252784299773       -1.59558212279528     
  0.671875000000000       -3.23652411228521       -1.60732807212409     
  0.679687500000000       -3.22903022950659       -1.63177855088399     
  0.687500000000000       -3.22201162682272       -1.66194099852928     
  0.695312500000000       -3.21374651361217       -1.69595167615588     
  0.703125000000000       -3.20359697640453       -1.73184499041092     
  0.710937500000000       -3.19771080405490       -1.76976039213949     
  0.718750000000000       -3.18687703646514       -1.81894802789030     
  0.726562500000000       -3.16805488975749       -1.87224460963103     
  0.734375000000000       -3.13997145360881       -1.92832918452007     
  0.742187500000000       -3.09939933646748       -1.98532957867795     
  0.750000000000000       -3.03803184355661       -2.03824771192846     
  0.757812500000000       -2.96596312275635       -2.03982089292022     
  0.765625000000000       -2.93697515799203       -2.04313648993065     
  0.773437500000000       -2.91545046885770       -2.05878778251014     
  0.781250000000000       -2.89509812501783       -2.08365862690567     
  0.789062500000000       -2.87218802483857       -2.11637447075908     
  0.796875000000000       -2.84262774374095       -2.15562745820432     
  0.804687500000000       -2.80107330095116       -2.19155619913240     
  0.812500000000000       -2.76284379355056       -2.22459909284504     
  0.820312500000000       -2.72177271469929       -2.26192162282294     
  0.828125000000000       -2.67398731020370       -2.30317233693087     
  0.835937500000000       -2.61512496810254       -2.34743136403281     
  0.843750000000000       -2.53784640483694       -2.39186100881584     
  0.851562500000000       -2.42004337921771       -2.41587836163014     
  0.859375000000000       -2.33171270737008       -2.38258741073332     
  0.867187500000000       -2.26452615840501       -2.35307290519264     
  0.875000000000000       -2.20543116214945       -2.32388988285281     
  0.882812500000000       -2.15053028338724       -2.29260624445934     
  0.890625000000000       -2.09808286873803       -2.25588005541583     
  0.898437500000000       -2.04757254125475       -2.20697361066870     
  0.906250000000000       -2.02601872935718       -2.12222005483158     
  0.914062500000000       -2.04991518622518       -2.07442722557193     
  0.921875000000000       -2.07458886784837       -2.04933778804309     
  0.929687500000000       -2.10002405126845       -2.03836745064217     
  0.937500000000000       -2.12717169392073       -2.03917911784542     
  0.945312500000000       -2.15812543720494       -2.05219363238837     
  0.953125000000000       -2.19832981792841       -2.08234008919707     
  0.960937500000000       -2.24376431729672       -2.17903354872028     
  0.968750000000000       -2.20488246526083       -2.28316321172642     
  0.976562500000000       -2.14141302559935       -2.36865944902078     
  0.984375000000000       -2.05636057438314       -2.44209521531608     
  0.992187500000000       -1.94839113126672       -2.50123223016282     
   1.00000000000000       -1.81526933272590       -2.53869564762970     
   1.00781250000000       -1.65531078422208       -2.53939002626919     
   1.01562500000000       -1.46822708811403       -2.46072199313472     
   1.02343750000000       -1.42264325399592       -2.30463238571530     
   1.03125000000000       -1.40811746243198       -2.22079354823080     
   1.03906250000000       -1.39773951416449       -2.15914745658294     
   1.04687500000000       -1.38922182400056       -2.11009599120510     
   1.05468750000000       -1.38186516159817       -2.06954685621377     
   1.06250000000000       -1.37564759694571       -2.03556748061714     
   1.07031250000000       -1.37124080733200       -2.00785304333729     
   1.07812500000000       -1.37023138417098       -1.99406309592929     
   1.08593750000000       -1.34848363085306       -1.98677334674558     
   1.09375000000000       -1.32117636508630       -1.97310819395727     
   1.10156250000000       -1.29028802846749       -1.95514333517829     
   1.10937500000000       -1.25653416659125       -1.93239771061654     
   1.11718750000000       -1.22055287596710       -1.90360492611940     
   1.12500000000000       -1.18326445944074       -1.86666718051500     
   1.13281250000000       -1.14640032990884       -1.81782507284346     
   1.14062500000000       -1.11497873038707       -1.74439918902021     
   1.14843750000000       -1.13833751958649       -1.67621774920510     
   1.15625000000000       -1.15800870495173       -1.63506682824479     
   1.16406250000000       -1.17529812397347       -1.60285958008715     
   1.17187500000000       -1.19108156440420       -1.57619502090305     
   1.17968750000000       -1.20589971037300       -1.55358262641009     
   1.18750000000000       -1.22017827187905       -1.53429638036039     
   1.19531250000000       -1.23431372689674       -1.51809013695002     
   1.20312500000000       -1.24877264777663       -1.50530999573655     
   1.21093750000000       -1.26210949611825       -1.49896670649501     
   1.21875000000000       -1.27034800295595       -1.49347203152393     
   1.22656250000000       -1.27760741079104       -1.48838327834632     
   1.23437500000000       -1.28436872804352       -1.48435660302604     
   1.24218750000000       -1.29092548128208       -1.48180626822997     
   1.25000000000000       -1.29752860317563       -1.48123372041454     
   1.25781250000000       -1.30444426939347       -1.48341466829380     
   1.26562500000000       -1.31202732352131       -1.48978159285150     
   1.27343750000000       -1.32094394261829       -1.50388876229888     
   1.28125000000000       -1.31845826651593       -1.54220829662845     
   1.28906250000000       -1.28711770658770       -1.56610713779919     
   1.29687500000000       -1.25203790896009       -1.57884988885283     
   1.30468750000000       -1.21389559758728       -1.58389321825982     
   1.31250000000000       -1.17322416553014       -1.58174409185779     
   1.32031250000000       -1.13068379834404       -1.57206780913662     
   1.32812500000000       -1.08720210594851       -1.55405483986480     
   1.33593750000000       -1.04415866262421       -1.52643181901271     
   1.34375000000000       -1.00380378273169       -1.48704117936740     
   1.35156250000000      -0.971630684760819       -1.42896208267978     
   1.35937500000000      -0.979235253249277       -1.37643538520342     
   1.36718750000000      -0.982637119536268       -1.34295680493795     
   1.37500000000000      -0.983963051123765       -1.31401160230301     
   1.38281250000000      -0.984294540470337       -1.28727178891231     
   1.39062500000000      -0.984169701963244       -1.26172405196294     
   1.39843750000000      -0.983944761953175       -1.23682157235493     
   1.40625000000000      -0.983903703515042       -1.21224202916538     
   1.41406250000000      -0.984313470957830       -1.18779764788694     
   1.42187500000000      -0.985485421369174       -1.16340946084687     
   1.42968750000000      -0.988105940314021       -1.13919510275706     
   1.43750000000000      -0.991061007465897       -1.11727987612160     
   1.44531250000000      -0.993283595982891       -1.09518530624417     
   1.45312500000000      -0.995603106026792       -1.07274161928115     
   1.46093750000000      -0.998299768615819       -1.04986664135753     
   1.46875000000000       -1.00158729837111       -1.02649181653297     
   1.47656250000000       -1.00567007431451       -1.00254931696236     
   1.48437500000000       -1.01077450041396      -0.977957252136532     
   1.49218750000000       -1.01719074950717      -0.952591443444121     
   1.50000000000000       -1.02537386559573      -0.926208197520945     
   1.50781250000000       -1.03638627823282      -0.898084764832851     
   1.51562500000000       -1.05710807819259      -0.871374358024514     
   1.52343750000000       -1.07655152373646      -0.853868420574549     
   1.53125000000000       -1.09392168566417      -0.838304126899735     
   1.53906250000000       -1.11023624210509      -0.823804604483607     
   1.54687500000000       -1.12593871258621      -0.810010714362788     
   1.55468750000000       -1.14130872706659      -0.796713708912913     
   1.56250000000000       -1.15656717465504      -0.783763879596459     
   1.57031250000000       -1.17192782665035      -0.771029515948546     
   1.57812500000000       -1.18764844322069      -0.758361883598727     
   1.58593750000000       -1.20413684848607      -0.745528643205448     
   1.59375000000000       -1.22241501147639      -0.731922276686811     
   1.60156250000000       -1.24791830133810      -0.721521595068341     
   1.60937500000000       -1.27005146627381      -0.718616157908336     
   1.61718750000000       -1.28953736981912      -0.717328742742745     
   1.62500000000000       -1.30728816058747      -0.717142111243833     
   1.63281250000000       -1.32367141946074      -0.717895640204004     
   1.64062500000000       -1.33886884030589      -0.719557016858855     
   1.64843750000000       -1.35295853009796      -0.722177362041911     
   1.65625000000000       -1.36593333783902      -0.725893215372134     
   1.66406250000000       -1.37768244437623      -0.730965327936784     
   1.67187500000000       -1.38791248662691      -0.737893755433136     
   1.67968750000000       -1.39584768527089      -0.747824093599932     
   1.68750000000000       -1.39527180656273      -0.765813874839790     
   1.69531250000000       -1.38075738306650      -0.767483975732480     
   1.70312500000000       -1.37145552779100      -0.762145766718355     
   1.71093750000000       -1.36469958648979      -0.753400350347559     
   1.71875000000000       -1.35992043740404      -0.742187384764361     
   1.72656250000000       -1.35692166490335      -0.728968529454604     
   1.73437500000000       -1.35565284505187      -0.714024365144954     
   1.74218750000000       -1.35614383943035      -0.697546292050411     
   1.75000000000000       -1.35848481167152      -0.679672576538531     
   1.75781250000000       -1.36283087903995      -0.660500765725582     
   1.76562500000000       -1.36944042725629      -0.640080256554982     
   1.77343750000000       -1.37882323176571      -0.618354701722552     
   1.78125000000000       -1.39331545618910      -0.594506252065508     
   1.78906250000000       -1.41263103018119      -0.578535620764670     
   1.79687500000000       -1.42954353580781      -0.563825030025739     
   1.80468750000000       -1.44627160751000      -0.549286033147877     
   1.81250000000000       -1.46337358542715      -0.534680051310156     
   1.82031250000000       -1.48117467780003      -0.519893595766929     
   1.82812500000000       -1.49993105576373      -0.504854885812121     
   1.83593750000000       -1.51988897493113      -0.489505395802704     
   1.84375000000000       -1.54132368365451      -0.473783385840815     
   1.85156250000000       -1.56458519242721      -0.457606972923959     
   1.85937500000000       -1.59018131970103      -0.440845194730475     
   1.86718750000000       -1.61898659087488      -0.423245453597210     
   1.87500000000000       -1.65305745822907      -0.404144405699046     
   1.88281250000000       -1.70456215066934      -0.389027877491656     
   1.89062500000000       -1.74956850306971      -0.395512640542368     
   1.89843750000000       -1.78722748772228      -0.403527754784691     
   1.90625000000000       -1.82143265280669      -0.412101595429509     
   1.91406250000000       -1.85359703023503      -0.420997512370706     
   1.92187500000000       -1.88451238643201      -0.430143088478409     
   1.92968750000000       -1.91472963841726      -0.439534302196434     
   1.93750000000000       -1.94470136829284      -0.449211141773890     
   1.94531250000000       -1.97486076120771      -0.459256565803964     
   1.95312500000000       -2.00569004831422      -0.469811907912649     
   1.96093750000000       -2.03781644206196      -0.481118341603040     
   1.96875000000000       -2.07221274016269      -0.493626597574458     
   1.97656250000000       -2.11081875935668      -0.508377990913024     
   1.98437500000000       -2.16206033399089      -0.531489198078908     
   1.99218750000000       -2.19460831056539      -0.581267072765153     
   2.00000000000000       -2.21453648948366      -0.625443308210828     
   2.00781250000000       -2.22744895149379      -0.667901830260375     
   2.01562500000000       -2.23400921147424      -0.709084267504018     
   2.02343750000000       -2.23395308141577      -0.748701196482084     
   2.03125000000000       -2.22654828158347      -0.785801524110596     
   2.03906250000000       -2.21083956447280      -0.818521416615933     
   2.04687500000000       -2.18606156635281      -0.843638732862123     
   2.05468750000000       -2.15256335055492      -0.856053798878832     
   2.06250000000000       -2.11367833344932      -0.848673038787673     
   2.07031250000000       -2.07864007133971      -0.813974687321327     
   2.07812500000000       -2.06490719809914      -0.749127171250410     
   2.08593750000000       -2.09582651662256      -0.663933338366035     
   2.09375000000000       -2.20836029284202      -0.586842856944272     
   2.10156250000000       -2.31677572743524      -0.630349188918394     
   2.10937500000000       -2.37949433722466      -0.675553333398383     
   2.11718750000000       -2.42596212971815      -0.719209221822936     
   2.12500000000000       -2.46378354435530      -0.761269956603153     
   2.13281250000000       -2.49646934179316      -0.802365886663088     
   2.14062500000000       -2.52578266876523      -0.843217666456034     
   2.14843750000000       -2.55263067864094      -0.884440198445433     
   2.15625000000000       -2.57749463376711      -0.926539716416217     
   2.16406250000000       -2.60063322779799      -0.969977783382848     
   2.17187500000000       -2.62216728473203       -1.01525280397056     
   2.17968750000000       -2.64209688174211       -1.06300265414162     
   2.18750000000000       -2.66025726262507       -1.11417790061216     
   2.19531250000000       -2.67614446278041       -1.17045765614990     
   2.20312500000000       -2.68813448218292       -1.23583940525557     
   2.21093750000000       -2.67236534809180       -1.31763332631513     
   2.21875000000000       -2.64068920888579       -1.36566291942384     
   2.22656250000000       -2.61521064449915       -1.40390234479543     
   2.23437500000000       -2.59274001071039       -1.43723366646484     
   2.24218750000000       -2.57219096907408       -1.46728142986991     
   2.25000000000000       -2.55301587574000       -1.49485522603567     
   2.25781250000000       -2.53489246010392       -1.52042842558810     
   2.26562500000000       -2.51761607166627       -1.54430052128058     
   2.27343750000000       -2.50105316873184       -1.56666645880997     
   2.28125000000000       -2.48511910797399       -1.58764944355686     
   2.28906250000000       -2.46976810419728       -1.60731558208552     
   2.29687500000000       -2.45499158727122       -1.62567597063234     
   2.30468750000000       -2.44082623680911       -1.64267409724778     
   2.31250000000000       -2.42738189981400       -1.65814247853500     
   2.32031250000000       -2.41493844102446       -1.67165094869071     
   2.32812500000000       -2.40469702754984       -1.68130880787631     
   2.33593750000000       -2.40360772533273       -1.69441117265195     
   2.34375000000000       -2.40050828641500       -1.71184167645350     
   2.35156250000000       -2.39663642961248       -1.73055831877956     
   2.35937500000000       -2.39229608945439       -1.75011388973737     
   2.36718750000000       -2.38761304647550       -1.77034611459618     
   2.37500000000000       -2.38264734758031       -1.79119993037449     
   2.38281250000000       -2.37742587163855       -1.81267789423140     
   2.39062500000000       -2.37195457579381       -1.83482341054810     
   2.39843750000000       -2.36622303443137       -1.85771709780288     
   2.40625000000000       -2.36020480591960       -1.88148143254271     
   2.41406250000000       -2.35385420932152       -1.90629417287235     
   2.42187500000000       -2.34709807532511       -1.93241584966917     
   2.42968750000000       -2.33981750731444       -1.96024647252871     
   2.43750000000000       -2.33180387293346       -1.99045763711750     
   2.44531250000000       -2.32262377155949       -2.02438677783405     
   2.45312500000000       -2.31083898642682       -2.06623772426650     
   2.46093750000000       -2.27474807881767       -2.11075106706945     
   2.46875000000000       -2.23717339564229       -2.13761108777655     
   2.47656250000000       -2.20094845399051       -2.15868732451591     
   2.48437500000000       -2.16541855471461       -2.17571685728356     
   2.49218750000000       -2.13035125275062       -2.18935194254792     
   2.50000000000000       -2.09566252579994       -2.19987813860737     
   2.53125000000000       -1.96134307224139       -2.21152735258928     
   2.56250000000000       -1.84229881577259       -2.16496559505245     
   2.59375000000000       -1.83015342170270       -2.01026770170826     
   2.62500000000000       -1.94911976903297       -2.01974902376021     
   2.65625000000000       -2.02888710896647       -2.09716399026653     
   2.68750000000000       -2.09112160294530       -2.22243767917501     
   2.71875000000000       -2.13985646060559       -2.42753952540512     
   2.75000000000000       -1.96768721432294       -2.71809460882966     
   2.78125000000000       -1.72335563392311       -2.83774579080379     
   2.81250000000000       -1.46723256510993       -2.86884914092078     
   2.84375000000000       -1.21363510400172       -2.79912177052623     
   2.87500000000000       -1.04095293615427       -2.54894974720902     
   2.90625000000000       -1.12084327376346       -2.43335512804708     
   2.93750000000000       -1.15437930292088       -2.40350594686574     
   2.96875000000000       -1.17046636490057       -2.40392990834450     
   3.00000000000000       -1.17419552752791       -2.42607404331557     
   3.03125000000000       -1.15211097370151       -2.48023634808433     
   3.06250000000000       -1.08757333656988       -2.50247739406500     
   3.09375000000000       -1.02938075748566       -2.50867646477023     
   3.12500000000000      -0.974060666694782       -2.50631176555741     
   3.15625000000000      -0.921991893039100       -2.49570966165578     
   3.18750000000000      -0.877242913618056       -2.47121635945458     
   3.21875000000000      -0.861698533063128       -2.45845050105152     
   3.25000000000000      -0.839601264613599       -2.45880635396393     
   3.28125000000000      -0.814788010570957       -2.46372122125426     
   3.31250000000000      -0.787841117548222       -2.47247588800162     
   3.34375000000000      -0.758209008135885       -2.48674874743935     
   3.37500000000000      -0.710776551914518       -2.50693013117392     
   3.40625000000000      -0.657729987746103       -2.50847003617835     
   3.43750000000000      -0.607451493836466       -2.50172776812022     
   3.46875000000000      -0.560271611773980       -2.48748994572488     
   3.50000000000000      -0.518006892292935       -2.46407140707251     
   3.53125000000000      -0.487433802868549       -2.42317564233109     
   3.56250000000000      -0.509768502864087       -2.40087986109613     
   3.59375000000000      -0.518037195997016       -2.41330905583410     
   3.62500000000000      -0.517586325912845       -2.43785305333767     
   3.65625000000000      -0.509986536839208       -2.47306464551879     
   3.68750000000000      -0.494337931035392       -2.52125538742433     
   3.71875000000000      -0.463695448814743       -2.59484058713400     
   3.75000000000000      -0.362058688229537       -2.65185010343192     
   3.78125000000000      -0.270539489271170       -2.66843861224279     
   3.81250000000000      -0.184006873348757       -2.67196973471229     
   3.84375000000000      -0.100474645250578       -2.66618278628177     
   3.87500000000000      -1.921604106122844E-002  -2.65266812324121     
   3.90625000000000       6.043348737564498E-002  -2.63253994635647     
   3.93750000000000       0.141883019065180       -2.60336728638740     
   3.96875000000000       0.217734495735950       -2.56224580925912     
   4.00000000000000       0.287401672834697       -2.51248299730390     
   4.03125000000000       0.349946892415789       -2.45397726343758     
   4.06250000000000       0.403370957218077       -2.38597445303629     
   4.09375000000000       0.443581387976189       -2.30635327998576     
   4.12500000000000       0.451609729803408       -2.20299150729326     
   4.15625000000000       0.411436861913713       -2.16284796221050     
   4.18750000000000       0.397109086394977       -2.14311227859826     
   4.21875000000000       0.392762218338385       -2.13120562338350     
   4.25000000000000       0.395318975236107       -2.12478933933438     
   4.28125000000000       0.403931158550572       -2.12335657100684     
   4.31250000000000       0.419408213183467       -2.12787193262155     
   4.34375000000000       0.453055251275489       -2.14443799429372     
   4.37500000000000       0.506659794900571       -2.13106973167254     
   4.40625000000000       0.551105173160717       -2.10773737718028     
   4.43750000000000       0.591354515139035       -2.07947152640671     
   4.46875000000000       0.628378133982196       -2.04745295123577     
   4.50000000000000       0.662377972557924       -2.01211824290546     
   4.53125000000000       0.693121266915937       -1.97350211330618     
   4.56250000000000       0.719456036233274       -1.93079445731181     
   4.59375000000000       0.736082342603262       -1.88980464573659     
   4.62500000000000       0.752857918190611       -1.85194279200251     
   4.65625000000000       0.768410848552420       -1.81364295280856     
   4.68750000000000       0.781983328115003       -1.77435144572130     
   4.71875000000000       0.792849446831793       -1.73366559434005     
   4.75000000000000       0.799931357836220       -1.69105344496685     
   4.78125000000000       0.800932348477301       -1.64537778366949     
   4.81250000000000       0.780774005784581       -1.59675121305676     
   4.84375000000000       0.757357193760024       -1.58028581545894     
   4.87500000000000       0.744580597768810       -1.56980544414256     
   4.90625000000000       0.737419025992679       -1.56250666886761     
   4.93750000000000       0.734554354551181       -1.55766275712466     
   4.96875000000000       0.735618826567710       -1.55508669380424     
   5.00000000000000       0.740902434054866       -1.55497467943327     
   5.03125000000000       0.751854082408241       -1.55821232175171     
   5.06250000000000       0.780439951272164       -1.56550794484280     
   5.09375000000000       0.814064928581438       -1.54717615120347     
   5.12500000000000       0.839818513495914       -1.52373550099314     
   5.15625000000000       0.861549620117794       -1.49765107079097     
   5.18750000000000       0.880212603768385       -1.46962127120070     
   5.21875000000000       0.896099937881917       -1.43994430259450     
   5.25000000000000       0.909142350061138       -1.40871904734589     
   5.28125000000000       0.918829726543251       -1.37583609327061     
   5.31250000000000       0.923133951823838       -1.34051354490585     
   5.34375000000000       0.916526406013954       -1.31339567228607     
   5.37500000000000       0.915408307515680       -1.29270738760294     
   5.40625000000000       0.916215843361019       -1.27297455592199     
   5.43750000000000       0.917988028336906       -1.25374112454040     
   5.46875000000000       0.920317172910580       -1.23481585096827     
   5.50000000000000       0.922974660155259       -1.21609554592809     
   5.53125000000000       0.925806239356487       -1.19751655858389     
   5.56250000000000       0.928678264621498       -1.17903380084246     
   5.59375000000000       0.931337939746627       -1.16058921078785     
   5.62500000000000       0.933819153805717       -1.14307159912661     
   5.65625000000000       0.936850446461134       -1.12576230819884     
   5.68750000000000       0.940136915124632       -1.10854342348103     
   5.71875000000000       0.943636921657382       -1.09140853416953     
   5.75000000000000       0.947367024226714       -1.07436815837254     
   5.78125000000000       0.951399554975872       -1.05745147644044     
   5.81250000000000       0.955898260401448       -1.04071969393968     
   5.84375000000000       0.961239603766769       -1.02430967743868     
   5.87500000000000       0.968649275715778       -1.00866446808360     
   5.90625000000000       0.982255490157693      -0.987557144745532     
   5.93750000000000       0.990477869011472      -0.960635204867740     
   5.96875000000000       0.995486255006054      -0.932593427886233     
   6.00000000000000       0.997924454072905      -0.903755898328052     
   6.03125000000000       0.997917086626171      -0.874252492853589     
   6.06250000000000       0.995360105636494      -0.844138383190734     
   6.09375000000000       0.989940458079266      -0.813414546490981     
   6.12500000000000       0.981018005032073      -0.782010081577095     
   6.15625000000000       0.967161405977563      -0.749687130883011     
   6.18750000000000       0.942517237565575      -0.715237298549536     
   6.21875000000000       0.907652612643914      -0.705961662511720     
   6.25000000000000       0.886405124807255      -0.701766001993373     
   6.28125000000000       0.870030154369112      -0.698702547205430     
   6.31250000000000       0.856846242918712      -0.696382006167629     
   6.34375000000000       0.846117211263989      -0.694636104539202     
   6.37500000000000       0.837467423737418      -0.693381145740863     
   6.40625000000000       0.830723222240839      -0.692581262700399     
   6.43750000000000       0.825880081548241      -0.692241345585522     
   6.46875000000000       0.823181180839456      -0.692426936537712     
   6.50000000000000       0.823700003074867      -0.693407191103126     
   6.53125000000000       0.829977325172186      -0.689295256734460     
   6.56250000000000       0.832675547430078      -0.681648343357013     
   6.59375000000000       0.834247503436102      -0.673713412467177     
   6.62500000000000       0.835324902937614      -0.665651187319226     
   6.65625000000000       0.836168016116492      -0.657529135604881     
   6.68750000000000       0.836924969833634      -0.649385969111740     
   6.71875000000000       0.837702973402341      -0.641249460533906     
   6.75000000000000       0.838602899300908      -0.633144920866987     
   6.78125000000000       0.839753505433493      -0.625103109445060     
   6.81250000000000       0.841391411270217      -0.617177832319934     
   6.84375000000000       0.844498311219761      -0.609583641105454     
   6.87500000000000       0.848567988498609      -0.598148392789186     
   6.90625000000000       0.850605496237565      -0.586169875351404     
   6.93750000000000       0.851761165999921      -0.574006745521064     
   6.96875000000000       0.852242491868446      -0.561713342544643     
   7.00000000000000       0.852123902609029      -0.549314336443406     
   7.03125000000000       0.851420612952351      -0.536821920017559     
   7.06250000000000       0.850104306772508      -0.524240252849880     
   7.09375000000000       0.848097189060773      -0.511565696798655     
   7.12500000000000       0.845240772791896      -0.498783135393290     
   7.15625000000000       0.841192448057548      -0.485852066104409     
   7.18750000000000       0.834864577557073      -0.472627693333528     
   7.21875000000000       0.824352780205281      -0.464789738129792     
   7.25000000000000       0.818247690147696      -0.460098354861219     
   7.28125000000000       0.813942773596035      -0.455680175181688     
   7.31250000000000       0.810821610734488      -0.451441188323457     
   7.34375000000000       0.808647022934655      -0.447343913647552     
   7.37500000000000       0.807311573634839      -0.443370198256450     
   7.40625000000000       0.806775217169528      -0.439511803565909     
   7.43750000000000       0.807046070871324      -0.435767386134389     
   7.46875000000000       0.808180205184865      -0.432142234239691     
   7.50000000000000       0.810301652902138      -0.428650798871488     
   7.53125000000000       0.813678030645316      -0.425326734577724     
   7.56250000000000       0.819232751770744      -0.422291877374536     
   7.59375000000000       0.827162113752290      -0.415321135118415     
   7.62500000000000       0.833304465035292      -0.407446017653568     
   7.65625000000000       0.839378687588675      -0.399530590812354     
   7.68750000000000       0.845862919742604      -0.391636428813503     
   7.71875000000000       0.853136166239218      -0.383807687884559     
   7.75000000000000       0.861630807694261      -0.376090933676560     
   7.78125000000000       0.871941774796273      -0.368547448141621     
   7.81250000000000       0.884996558100550      -0.361270932265463     
   7.84375000000000       0.902421579213729      -0.354425013999113     
   7.87500000000000       0.927529995723984      -0.348344723975410     
   7.90625000000000       0.968926999538488      -0.343910590649316     
   7.93750000000000        1.06567249786241      -0.345202459100166     
   7.96875000000000        1.08968322245692      -2.759747995542775E-018
   8.00000000000000       0.950411398703019      -6.071941807657383E-018
   8.03125000000000       0.884900223021025      -1.390026409356023E-018
   8.06250000000000       0.840205906444627       1.685809108985501E-017
   8.09375000000000       0.805655957073834       2.124657506742923E-018
   8.12500000000000       0.777186206193891      -1.241328263510943E-018
   8.15625000000000       0.752800371841282       1.485918139943549E-017
   8.18750000000000       0.731364786568556       4.020114330932277E-018
   8.21875000000000       0.712171372445617       5.141975531489953E-018
   8.25000000000000       0.694746919299063       9.751134039794869E-019
   8.28125000000000       0.678758730361156      -5.796268791670155E-018
   8.31250000000000       0.663963477280506       1.101102368700911E-017
   8.34375000000000       0.650177470638095       3.050110604048298E-018
   8.37500000000000       0.637258396222954       1.414049618606123E-017
   8.40625000000000       0.625093579117513      -1.365168261761838E-017
   8.43750000000000       0.613592155967670       1.007601899989146E-017
   8.46875000000000       0.602679686954835      -1.082589901303109E-017
   8.50000000000000       0.592294345924800      -7.735626640005270E-018
   8.53125000000000       0.582384162891105      -5.056409112874166E-018
   8.56250000000000       0.572904987070183      -4.279159028908228E-018
   8.59375000000000       0.563818954961187       2.222313575688260E-019
   8.62500000000000       0.555093319666204       2.823341949703860E-019
   8.65625000000000       0.546699543274945       7.302549434863213E-018
   8.68750000000000       0.538612584262917       1.477989634274953E-018
   8.71875000000000       0.530810331321808      -5.582311440867054E-018
   8.75000000000000       0.523273148725409      -4.288648616030276E-019
   8.78125000000000       0.515983507819823      -2.557799539782865E-018
   8.81250000000000       0.508925685521869       2.844071089251224E-018
   8.84375000000000       0.502085515749526      -7.563243431436363E-019
   8.87500000000000       0.495450182785297       9.108819088491776E-019
   8.90625000000000       0.489008048470165      -1.473240933986098E-018
   8.93750000000000       0.482748506578652       4.765806276888993E-018
   8.96875000000000       0.476661859498225      -1.277954931664215E-018
   9.00000000000000       0.470739213077492      -9.688360954352201E-019
   9.03125000000000       0.464972386580685      -3.988751140296371E-018
   9.06250000000000       0.459353835178855       6.433815264894154E-018
   9.09375000000000       0.453876582883514       3.752044834852634E-018
   9.12500000000000       0.448534164264948      -4.039124670958730E-018
   9.15625000000000       0.443320573668515       4.309856317606107E-019
   9.18750000000000       0.438230220684887       1.334391079766662E-018
   9.21875000000000       0.433257891024171      -5.759271431392703E-019
   9.25000000000000       0.428398712024792      -4.560003104278385E-018
   9.28125000000000       0.423648122069755      -4.067273650272355E-018
   9.31250000000000       0.419001843492259      -6.413529412958460E-018
   9.34375000000000       0.414455858416210       2.004116923595020E-018
   9.37500000000000       0.410006387166917       1.789552700963721E-018
   9.40625000000000       0.405649868982280       1.008892794326747E-018
   9.43750000000000       0.401382944638798      -2.179631819704629E-018
   9.46875000000000       0.397202440850669       6.842946336348129E-020
   9.50000000000000       0.393105356160380      -7.716814471991817E-018
   9.53125000000000       0.389088848219068       2.022038837907640E-018
   9.56250000000000       0.385150222246211      -5.028429954092358E-019
   9.59375000000000       0.381286920484291       8.131546820031417E-018
   9.62500000000000       0.377496512715695       3.446109501728607E-018
   9.65625000000000       0.373776687516647      -6.362856756590037E-018
   9.68750000000000       0.370125244331698      -2.852027927181359E-018
   9.71875000000000       0.366540086157024      -1.954439686122914E-018
   9.75000000000000       0.363019212921742      -3.631711343704796E-018
   9.78125000000000       0.359560715303326       5.027836391748504E-019
   9.81250000000000       0.356162769141780       2.526205469056768E-018
   9.84375000000000       0.352823630196907       3.084257573594625E-018
   9.87500000000000       0.349541629389771      -4.435667306603116E-018
   9.90625000000000       0.346315168401900      -4.699627651640739E-018
   9.93750000000000       0.343142715519868       5.232053510755862E-018
   9.96875000000000       0.340022801874756       7.718963555189697E-018
   10.0000000000000       0.336954017929741       4.496695369184816E-018
   11.0000000000000       0.306321834481583       0.000000000000000E+000
   12.0000000000000       0.280795014941451       0.000000000000000E+000
   13.0000000000000       0.259195398407493       0.000000000000000E+000
   14.0000000000000       0.240681441378386       0.000000000000000E+000
   15.0000000000000       0.224636011953161       0.000000000000000E+000
   16.0000000000000       0.210596261206088       0.000000000000000E+000
   17.0000000000000       0.198208245841024       0.000000000000000E+000
   18.0000000000000       0.187196676627634       0.000000000000000E+000
   19.0000000000000       0.177344219963022       0.000000000000000E+000
   20.0000000000000       0.168477008964871       0.000000000000000E+000
   21.0000000000000       0.160454294252258       0.000000000000000E+000
   22.0000000000000       0.153160917240791       0.000000000000000E+000
   23.0000000000000       0.146501746925974       0.000000000000000E+000
   24.0000000000000       0.140397507470725       0.000000000000000E+000
   25.0000000000000       0.134781607171896       0.000000000000000E+000
   26.0000000000000       0.129597699203747       0.000000000000000E+000
   27.0000000000000       0.124797784418423       0.000000000000000E+000
   28.0000000000000       0.120340720689193       0.000000000000000E+000
   29.0000000000000       0.116191040665428       0.000000000000000E+000
   30.0000000000000       0.112318005976580       0.000000000000000E+000
   31.0000000000000       0.108694844493465       0.000000000000000E+000
   32.0000000000000       0.105298130603044       0.000000000000000E+000
   33.0000000000000       0.102107278160528       0.000000000000000E+000
   34.0000000000000       9.910412292051206E-002  0.000000000000000E+000
   35.0000000000000       9.627257655135457E-002  0.000000000000000E+000
   36.0000000000000       9.359833831381695E-002  0.000000000000000E+000
   37.0000000000000       9.106865349452460E-002  0.000000000000000E+000
   38.0000000000000       8.867210998151079E-002  0.000000000000000E+000
   39.0000000000000       8.639846613583102E-002  0.000000000000000E+000
   40.0000000000000       8.423850448243525E-002  0.000000000000000E+000
   41.0000000000000       8.218390681213195E-002  0.000000000000000E+000
   42.0000000000000       8.022714712612881E-002  0.000000000000000E+000
   43.0000000000000       7.836139951854441E-002  0.000000000000000E+000
   44.0000000000000       7.658045862039568E-002  0.000000000000000E+000
   45.0000000000000       7.487867065105355E-002  0.000000000000000E+000
   46.0000000000000       7.325087346298717E-002  0.000000000000000E+000
   47.0000000000000       7.169234424037042E-002  0.000000000000000E+000
   48.0000000000000       7.019875373536270E-002  0.000000000000000E+000
   49.0000000000000       6.876612610811041E-002  0.000000000000000E+000
   50.0000000000000       6.739080358594821E-002  0.000000000000000E+000
   51.0000000000000       6.606941528034137E-002  0.000000000000000E+000
   52.0000000000000       6.479884960187327E-002  0.000000000000000E+000
   53.0000000000000       6.357622979806433E-002  0.000000000000000E+000
   54.0000000000000       6.239889220921130E-002  0.000000000000000E+000
   55.0000000000000       6.126436689631654E-002  0.000000000000000E+000
   56.0000000000000       6.017036034459661E-002  0.000000000000000E+000
   57.0000000000000       5.911473998767386E-002  0.000000000000000E+000
   58.0000000000000       5.809552033271397E-002  0.000000000000000E+000
   59.0000000000000       5.711085049656627E-002  0.000000000000000E+000
   60.0000000000000       5.615900298829016E-002  0.000000000000000E+000
   61.0000000000000       5.523836359503951E-002  0.000000000000000E+000
   62.0000000000000       5.434742224673242E-002  0.000000000000000E+000
   63.0000000000000       5.348476475075254E-002  0.000000000000000E+000
   64.0000000000000       5.264906530152203E-002  0.000000000000000E+000
   65.0000000000000       5.183907968149862E-002  0.000000000000000E+000
   66.0000000000000       5.105363908026379E-002  0.000000000000000E+000
   67.0000000000000       5.029164446712552E-002  0.000000000000000E+000
   68.0000000000000       4.955206146025603E-002  0.000000000000000E+000
   69.0000000000000       4.883391564199145E-002  0.000000000000000E+000
   70.0000000000000       4.813628827567729E-002  0.000000000000000E+000
   71.0000000000000       4.745831238447056E-002  0.000000000000000E+000
   72.0000000000000       4.679916915690847E-002  0.000000000000000E+000
   73.0000000000000       4.615808464790973E-002  0.000000000000000E+000
   74.0000000000000       4.553432674726230E-002  0.000000000000000E+000
   75.0000000000000       4.492720239063213E-002  0.000000000000000E+000
   76.0000000000000       4.433605499075539E-002  0.000000000000000E+000
   77.0000000000000       4.376026206879753E-002  0.000000000000000E+000
   78.0000000000000       4.319923306791551E-002  0.000000000000000E+000
   79.0000000000000       4.265240733287861E-002  0.000000000000000E+000
   80.0000000000000       4.211925224121763E-002  0.000000000000000E+000
   81.0000000000000       4.159926147280753E-002  0.000000000000000E+000
   82.0000000000000       4.109195340606597E-002  0.000000000000000E+000
   83.0000000000000       4.059686963008928E-002  0.000000000000000E+000
   84.0000000000000       4.011357356306441E-002  0.000000000000000E+000
   85.0000000000000       3.964164916820483E-002  0.000000000000000E+000
   86.0000000000000       3.918069975927221E-002  0.000000000000000E+000
   87.0000000000000       3.873034688847598E-002  0.000000000000000E+000
   88.0000000000000       3.829022931019784E-002  0.000000000000000E+000
   89.0000000000000       3.786000201457764E-002  0.000000000000000E+000
   90.0000000000000       3.743933532552678E-002  0.000000000000000E+000
   91.0000000000000       3.702791405821330E-002  0.000000000000000E+000
   92.0000000000000       3.662543673149359E-002  0.000000000000000E+000
   93.0000000000000       3.623161483115495E-002  0.000000000000000E+000
   94.0000000000000       3.584617212018521E-002  0.000000000000000E+000
   95.0000000000000       3.546884399260432E-002  0.000000000000000E+000
   96.0000000000000       3.509937686768135E-002  0.000000000000000E+000
   97.0000000000000       3.473752762162279E-002  0.000000000000000E+000
   98.0000000000000       3.438306305405520E-002  0.000000000000000E+000
   99.0000000000000       3.403575938684252E-002  0.000000000000000E+000
   100.000000000000       3.369540179297410E-002  0.000000000000000E+000
   101.000000000000       3.336178395343970E-002  0.000000000000000E+000
   102.000000000000       3.303470764017068E-002  0.000000000000000E+000
   103.000000000000       3.271398232327583E-002  0.000000000000000E+000
   104.000000000000       3.239942480093663E-002  0.000000000000000E+000
   105.000000000000       3.209085885045152E-002  0.000000000000000E+000
   106.000000000000       3.178811489903217E-002  0.000000000000000E+000
   107.000000000000       3.149102971305991E-002  0.000000000000000E+000
   108.000000000000       3.119944610460565E-002  0.000000000000000E+000
   109.000000000000       3.091321265410468E-002  0.000000000000000E+000
   110.000000000000       3.063218344815827E-002  0.000000000000000E+000
   111.000000000000       3.035621783150820E-002  0.000000000000000E+000
   112.000000000000       3.008518017229830E-002  0.000000000000000E+000
   113.000000000000       2.981893963980009E-002  0.000000000000000E+000
   114.000000000000       2.955736999383693E-002  0.000000000000000E+000
   115.000000000000       2.930034938519487E-002  0.000000000000000E+000
   116.000000000000       2.904776016635698E-002  0.000000000000000E+000
   117.000000000000       2.879948871194368E-002  0.000000000000000E+000
   118.000000000000       2.855542524828314E-002  0.000000000000000E+000
   119.000000000000       2.831546369157487E-002  0.000000000000000E+000
   120.000000000000       2.807950149414508E-002  0.000000000000000E+000
   121.000000000000       2.784743949832570E-002  0.000000000000000E+000
   122.000000000000       2.761918179751975E-002  0.000000000000000E+000
   123.000000000000       2.739463560404399E-002  0.000000000000000E+000
   124.000000000000       2.717371112336621E-002  0.000000000000000E+000
   125.000000000000       2.695632143437928E-002  0.000000000000000E+000
   126.000000000000       2.674238237537627E-002  0.000000000000000E+000
   127.000000000000       2.653181243541268E-002  0.000000000000000E+000
   128.000000000000       2.632453265076102E-002  0.000000000000000E+000
   129.000000000000       2.612046650618147E-002  0.000000000000000E+000
   130.000000000000       2.591953984074931E-002  0.000000000000000E+000
   131.000000000000       2.572168075799550E-002  0.000000000000000E+000
   132.000000000000       2.552681954013189E-002  0.000000000000000E+000
   133.000000000000       2.533488856614594E-002  0.000000000000000E+000
   134.000000000000       2.514582223356276E-002  0.000000000000000E+000
   135.000000000000       2.495955688368452E-002  0.000000000000000E+000
   136.000000000000       2.477603073012801E-002  0.000000000000000E+000
   137.000000000000       2.459518379049204E-002  0.000000000000000E+000
   138.000000000000       2.441695782099573E-002  0.000000000000000E+000
   139.000000000000       2.424129625393820E-002  0.000000000000000E+000
   140.000000000000       2.406814413783864E-002  0.000000000000000E+000
   141.000000000000       2.389744808012348E-002  0.000000000000000E+000
   142.000000000000       2.372915619223528E-002  0.000000000000000E+000
   143.000000000000       2.356321803704483E-002  0.000000000000000E+000
   144.000000000000       2.339958457845424E-002  0.000000000000000E+000
   145.000000000000       2.323820813308559E-002  0.000000000000000E+000
   146.000000000000       2.307904232395486E-002  0.000000000000000E+000
   147.000000000000       2.292204203603680E-002  0.000000000000000E+000
   148.000000000000       2.276716337363115E-002  0.000000000000000E+000
   149.000000000000       2.261436361944570E-002  0.000000000000000E+000
   150.000000000000       2.246360119531607E-002  0.000000000000000E+000
   151.000000000000       2.231483562448616E-002  0.000000000000000E+000
   152.000000000000       2.216802749537770E-002  0.000000000000000E+000
   153.000000000000       2.202313842678046E-002  0.000000000000000E+000
   154.000000000000       2.188013103439877E-002  0.000000000000000E+000
   155.000000000000       2.173896889869297E-002  0.000000000000000E+000
   156.000000000000       2.159961653395776E-002  0.000000000000000E+000
   157.000000000000       2.146203935858223E-002  0.000000000000000E+000
   158.000000000000       2.132620366643930E-002  0.000000000000000E+000
   159.000000000000       2.119207659935478E-002  0.000000000000000E+000
   160.000000000000       2.105962612060881E-002  0.000000000000000E+000
   161.000000000000       2.092882098942491E-002  0.000000000000000E+000
   162.000000000000       2.079963073640376E-002  0.000000000000000E+000
   163.000000000000       2.067202563986141E-002  0.000000000000000E+000
   164.000000000000       2.054597670303299E-002  0.000000000000000E+000
   165.000000000000       2.042145563210552E-002  0.000000000000000E+000
   166.000000000000       2.029843481504464E-002  0.000000000000000E+000
   167.000000000000       2.017688730118209E-002  0.000000000000000E+000
   168.000000000000       2.005678678153220E-002  0.000000000000000E+000
   169.000000000000       1.993810756980716E-002  0.000000000000000E+000
   170.000000000000       1.982082458410241E-002  0.000000000000000E+000
   171.000000000000       1.970491332922462E-002  0.000000000000000E+000
   172.000000000000       1.959034987963610E-002  0.000000000000000E+000
   173.000000000000       1.947711086299081E-002  0.000000000000000E+000
   174.000000000000       1.936517344423799E-002  0.000000000000000E+000
   175.000000000000       1.925451531027091E-002  0.000000000000000E+000
   176.000000000000       1.914511465509892E-002  0.000000000000000E+000
   177.000000000000       1.903695016552209E-002  0.000000000000000E+000
   178.000000000000       1.893000100728882E-002  0.000000000000000E+000
   179.000000000000       1.882424681171737E-002  0.000000000000000E+000
   180.000000000000       1.871966766276339E-002  0.000000000000000E+000
   181.000000000000       1.861624408451608E-002  0.000000000000000E+000
   182.000000000000       1.851395702910665E-002  0.000000000000000E+000
   183.000000000000       1.841278786501317E-002  0.000000000000000E+000
   184.000000000000       1.831271836574679E-002  0.000000000000000E+000
   185.000000000000       1.821373069890492E-002  0.000000000000000E+000
   186.000000000000       1.811580741557747E-002  0.000000000000000E+000
   187.000000000000       1.801893144009310E-002  0.000000000000000E+000
   188.000000000000       1.792308606009261E-002  0.000000000000000E+000
   189.000000000000       1.782825491691751E-002  0.000000000000000E+000
   190.000000000000       1.773442199630216E-002  0.000000000000000E+000
   191.000000000000       1.764157161935817E-002  0.000000000000000E+000
   192.000000000000       1.754968843384068E-002  0.000000000000000E+000
   193.000000000000       1.745875740568606E-002  0.000000000000000E+000
   194.000000000000       1.736876381081139E-002  0.000000000000000E+000
   195.000000000000       1.727969322716620E-002  0.000000000000000E+000
   196.000000000000       1.719153152702760E-002  0.000000000000000E+000
   197.000000000000       1.710426486953000E-002  0.000000000000000E+000
   198.000000000000       1.701787969342126E-002  0.000000000000000E+000
   199.000000000000       1.693236271003724E-002  0.000000000000000E+000
   200.000000000000       1.684770089648705E-002  0.000000000000000E+000
   201.000000000000       1.676388148904184E-002  0.000000000000000E+000
   202.000000000000       1.668089197671985E-002  0.000000000000000E+000
   203.000000000000       1.659872009506113E-002  0.000000000000000E+000
   204.000000000000       1.651735382008534E-002  0.000000000000000E+000
   205.000000000000       1.643678136242639E-002  0.000000000000000E+000
   206.000000000000       1.635699116163791E-002  0.000000000000000E+000
   207.000000000000       1.627797188066381E-002  0.000000000000000E+000
   208.000000000000       1.619971240046832E-002  0.000000000000000E+000
   209.000000000000       1.612220181482014E-002  0.000000000000000E+000
   210.000000000000       1.604542942522576E-002  0.000000000000000E+000
   211.000000000000       1.596938473600668E-002  0.000000000000000E+000
   212.000000000000       1.589405744951608E-002  0.000000000000000E+000
   213.000000000000       1.581943746149019E-002  0.000000000000000E+000
   214.000000000000       1.574551485652995E-002  0.000000000000000E+000
   215.000000000000       1.567227990370888E-002  0.000000000000000E+000
   216.000000000000       1.559972305230282E-002  0.000000000000000E+000
   217.000000000000       1.552783492763783E-002  0.000000000000000E+000
   218.000000000000       1.545660632705234E-002  0.000000000000000E+000
   219.000000000000       1.538602821596991E-002  0.000000000000000E+000
   220.000000000000       1.531609172407914E-002  0.000000000000000E+000
   221.000000000000       1.524678814161724E-002  0.000000000000000E+000
   222.000000000000       1.517810891575410E-002  0.000000000000000E+000
   223.000000000000       1.511004564707359E-002  0.000000000000000E+000
   224.000000000000       1.504259008614915E-002  0.000000000000000E+000
   225.000000000000       1.497573413021071E-002  0.000000000000000E+000
   226.000000000000       1.490946981990004E-002  0.000000000000000E+000
   227.000000000000       1.484378933611194E-002  0.000000000000000E+000
   228.000000000000       1.477868499691846E-002  0.000000000000000E+000
   229.000000000000       1.471414925457384E-002  0.000000000000000E+000
   230.000000000000       1.465017469259743E-002  0.000000000000000E+000
   231.000000000000       1.458675402293251E-002  0.000000000000000E+000
   232.000000000000       1.452388008317849E-002  0.000000000000000E+000
   233.000000000000       1.446154583389446E-002  0.000000000000000E+000
   234.000000000000       1.439974435597184E-002  0.000000000000000E+000
   235.000000000000       1.433846884807408E-002  0.000000000000000E+000
   236.000000000000       1.427771262414157E-002  0.000000000000000E+000
   237.000000000000       1.421746911095954E-002  0.000000000000000E+000
   238.000000000000       1.415773184578744E-002  0.000000000000000E+000
   239.000000000000       1.409849447404774E-002  0.000000000000000E+000
   240.000000000000       1.403975074707254E-002  0.000000000000000E+000
   241.000000000000       1.398149451990627E-002  0.000000000000000E+000
   242.000000000000       1.392371974916285E-002  0.000000000000000E+000
   243.000000000000       1.386642049093584E-002  0.000000000000000E+000
   244.000000000000       1.380959089875988E-002  0.000000000000000E+000
   245.000000000000       1.375322522162208E-002  0.000000000000000E+000
   246.000000000000       1.369731780202199E-002  0.000000000000000E+000
   247.000000000000       1.364186307407858E-002  0.000000000000000E+000
   248.000000000000       1.358685556168310E-002  0.000000000000000E+000
   249.000000000000       1.353228987669642E-002  0.000000000000000E+000
   250.000000000000       1.347816071718964E-002  0.000000000000000E+000
   251.000000000000       1.342446286572673E-002  0.000000000000000E+000
   252.000000000000       1.337119118768814E-002  0.000000000000000E+000
   253.000000000000       1.331834062963403E-002  0.000000000000000E+000
   254.000000000000       1.326590621770634E-002  0.000000000000000E+000
   255.000000000000       1.321388305606827E-002  0.000000000000000E+000
   256.000000000000       1.316226632538051E-002  0.000000000000000E+000
   257.000000000000       1.311105128131288E-002  0.000000000000000E+000
   258.000000000000       1.306023325309074E-002  0.000000000000000E+000
   259.000000000000       1.300980764207494E-002  0.000000000000000E+000
   260.000000000000       1.295976992037465E-002  0.000000000000000E+000
   261.000000000000       1.291011562949199E-002  0.000000000000000E+000
   262.000000000000       1.286084037899775E-002  0.000000000000000E+000
   263.000000000000       1.281193984523730E-002  0.000000000000000E+000
   264.000000000000       1.276340977006595E-002  0.000000000000000E+000
   265.000000000000       1.271524595961287E-002  0.000000000000000E+000
   266.000000000000       1.266744428307297E-002  0.000000000000000E+000
   267.000000000000       1.262000067152588E-002  0.000000000000000E+000
   268.000000000000       1.257291111678138E-002  0.000000000000000E+000
   269.000000000000       1.252617167025060E-002  0.000000000000000E+000
   270.000000000000       1.247977844184226E-002  0.000000000000000E+000
   271.000000000000       1.243372759888343E-002  0.000000000000000E+000
   272.000000000000       1.238801536506401E-002  0.000000000000000E+000
   273.000000000000       1.234263801940443E-002  0.000000000000000E+000
   274.000000000000       1.229759189524602E-002  0.000000000000000E+000
   275.000000000000       1.225287337926331E-002  0.000000000000000E+000
   276.000000000000       1.220847891049786E-002  0.000000000000000E+000
   277.000000000000       1.216440497941303E-002  0.000000000000000E+000
   278.000000000000       1.212064812696910E-002  0.000000000000000E+000
   279.000000000000       1.207720494371831E-002  0.000000000000000E+000
   280.000000000000       1.203407206891932E-002  0.000000000000000E+000
   281.000000000000       1.199124618967050E-002  0.000000000000000E+000
   282.000000000000       1.194872404006174E-002  0.000000000000000E+000
   283.000000000000       1.190650240034421E-002  0.000000000000000E+000
   284.000000000000       1.186457809611764E-002  0.000000000000000E+000
   285.000000000000       1.182294799753477E-002  0.000000000000000E+000
   286.000000000000       1.178160901852241E-002  0.000000000000000E+000
   287.000000000000       1.174055811601885E-002  0.000000000000000E+000
   288.000000000000       1.169979228922712E-002  0.000000000000000E+000
   289.000000000000       1.165930857888377E-002  0.000000000000000E+000
   290.000000000000       1.161910406654279E-002  0.000000000000000E+000
   291.000000000000       1.157917587387426E-002  0.000000000000000E+000
   292.000000000000       1.153952116197743E-002  0.000000000000000E+000
   293.000000000000       1.150013713070788E-002  0.000000000000000E+000
   294.000000000000       1.146102101801840E-002  0.000000000000000E+000
   295.000000000000       1.142217009931325E-002  0.000000000000000E+000
   296.000000000000       1.138358168681558E-002  0.000000000000000E+000
   297.000000000000       1.134525312894751E-002  0.000000000000000E+000
   298.000000000000       1.130718180972285E-002  0.000000000000000E+000
   299.000000000000       1.126936514815187E-002  0.000000000000000E+000
   300.000000000000       1.123180059765803E-002  0.000000000000000E+000
   301.000000000000       1.119448564550635E-002  0.000000000000000E+000
   302.000000000000       1.115741781224308E-002  0.000000000000000E+000
   303.000000000000       1.112059465114657E-002  0.000000000000000E+000
   304.000000000000       1.108401374768885E-002  0.000000000000000E+000
   305.000000000000       1.104767271900790E-002  0.000000000000000E+000
   306.000000000000       1.101156921339023E-002  0.000000000000000E+000
   307.000000000000       1.097570090976355E-002  0.000000000000000E+000
   308.000000000000       1.094006551719938E-002  0.000000000000000E+000
   309.000000000000       1.090466077442528E-002  0.000000000000000E+000
   310.000000000000       1.086948444934648E-002  0.000000000000000E+000
