  0.000000000000000E+000 -0.156356350548668      -4.172258730871133E-007
  7.812500000000000E-003 -0.156497795851009      -1.250037327847676E-003
  1.562500000000000E-002 -0.157017237192255      -2.953362155695907E-003
  2.343750000000000E-002 -0.156886006407057      -5.586475194466445E-003
  3.125000000000000E-002 -0.155862748994937      -7.468571686367846E-003
  3.906250000000000E-002 -0.154345665513116      -8.848221476945164E-003
  4.687500000000000E-002 -0.154268486534923      -8.550575168063958E-003
  5.468750000000000E-002 -0.154858973112040      -1.009061369917104E-002
  6.250000000000000E-002 -0.154748708515367      -1.176522541655323E-002
  7.031250000000000E-002 -0.155359365915822      -1.387856996066631E-002
  7.812500000000000E-002 -0.154865973166382      -1.933515130863838E-002
  8.593750000000000E-002 -0.145647648128055      -1.991335223701245E-002
  9.375000000000000E-002 -0.143338768162921      -1.544310721791878E-002
  0.101562500000000      -0.143495652580973      -9.814657597960554E-003
  0.109375000000000      -0.150589711096273      -4.309844417728505E-003
  0.117187500000000      -0.159382928326834      -1.072155197425424E-002
  0.125000000000000      -0.162395096736234      -2.212977799936201E-002
  0.132812500000000      -0.153765940677006      -2.550296222709205E-002
  0.140625000000000      -0.150581727741106      -2.748122465115943E-002
  0.148437500000000      -0.147253714857625      -2.454244885062370E-002
  0.156250000000000      -0.148738298493772      -2.416612354971941E-002
  0.164062500000000      -0.147519421029741      -2.580320812697668E-002
  0.171875000000000      -0.147120329714712      -2.575401440904495E-002
  0.179687500000000      -0.149140459062076      -2.430945713657924E-002
  0.187500000000000      -0.152956981965600      -2.997961557069683E-002
  0.195312500000000      -0.149172957988443      -4.082188236449494E-002
  0.203125000000000      -0.139062176768798      -3.703102877447347E-002
  0.210937500000000      -0.139203230077666      -3.472512344599281E-002
  0.218750000000000      -0.136217885321758      -3.984617071619660E-002
  0.226562500000000      -0.129820887236830      -3.904901606417714E-002
  0.234375000000000      -0.123195205003027      -3.675177732085929E-002
  0.242187500000000      -0.118619309242316      -3.281246629242608E-002
  0.250000000000000      -0.109831454266154      -2.736510428946383E-002
  0.257812500000000      -0.101806571414438      -1.043760187388537E-002
  0.265625000000000      -0.110041268005183       1.082802237848793E-002
  0.273437500000000      -0.129192996848410       2.238342919810193E-002
  0.281250000000000      -0.148300617370365       1.948496005140624E-002
  0.289062500000000      -0.158056694446437       1.349814025731850E-002
  0.296875000000000      -0.165012168523031       8.217845115035578E-003
  0.304687500000000      -0.171027036214037       3.897805817559313E-003
  0.312500000000000      -0.176140056233030      -2.112026959518501E-003
  0.320312500000000      -0.179634823521232      -6.845416620905070E-003
  0.328125000000000      -0.183108056532714      -1.052847026219218E-002
  0.335937500000000      -0.188930832878756      -1.408736741149403E-002
  0.343750000000000      -0.195838725529773      -2.003311048994501E-002
  0.351562500000000      -0.204152916089190      -3.037652054812348E-002
  0.359375000000000      -0.202775830957496      -5.227580206060628E-002
  0.367187500000000      -0.191923953263624      -5.970898624799330E-002
  0.375000000000000      -0.184320832576918      -6.352042269361516E-002
  0.382812500000000      -0.177194920449935      -6.548327861782166E-002
  0.390625000000000      -0.172905340009208      -6.338562578331049E-002
  0.398437500000000      -0.171248693677727      -6.341469713291510E-002
  0.406250000000000      -0.169539847678838      -6.418307659148856E-002
  0.414062500000000      -0.167225057639049      -6.510679000489908E-002
  0.421875000000000      -0.164506859017464      -6.362256836465975E-002
  0.429687500000000      -0.164033802608386      -6.174693632108860E-002
  0.437500000000000      -0.164721680492754      -6.020318135519351E-002
  0.445312500000000      -0.166513768053695      -5.900317419332701E-002
  0.453125000000000      -0.168190581897423      -5.899607016910121E-002
  0.460937500000000      -0.170019356450903      -5.804935412765941E-002
  0.468750000000000      -0.173503064093193      -5.623205776999212E-002
  0.476562500000000      -0.181033905756085      -5.470818553514097E-002
  0.484375000000000      -0.189257146475629      -5.933600635260274E-002
  0.492187500000000      -0.196704935027859      -6.481006656054530E-002
  0.500000000000000      -0.205317847345322      -7.320547921832353E-002
  0.507812500000000      -0.214720559421217      -8.891573000881862E-002
  0.515625000000000      -0.206467372793137      -0.114780998854535     
  0.523437500000000      -0.191233621410544      -0.124718345418380     
  0.531250000000000      -0.177112899402443      -0.128842691849342     
  0.539062500000000      -0.163569745221882      -0.128625607745057     
  0.546875000000000      -0.149462522078168      -0.122130199753834     
  0.554687500000000      -0.146277499440176      -0.109341569167963     
  0.562500000000000      -0.148432694954364      -9.963372324893130E-002
  0.570312500000000      -0.154721481956478      -9.216780972190748E-002
  0.578125000000000      -0.165233292911007      -8.821385359439740E-002
  0.585937500000000      -0.178414188507709      -9.374634729194821E-002
  0.593750000000000      -0.182742468010133      -0.101891339034843     
  0.601562500000000      -0.185911632990457      -0.108688137670304     
  0.609375000000000      -0.188787143183634      -0.115709922563732     
  0.617187500000000      -0.191413218289540      -0.124113754417308     
  0.625000000000000      -0.190536314078350      -0.136541604567378     
  0.632812500000000      -0.184589600556746      -0.143335955845470     
  0.640625000000000      -0.180020548531402      -0.147602724951814     
  0.648437500000000      -0.176315595274667      -0.150536774833040     
  0.656250000000000      -0.173503087818490      -0.152155028353865     
  0.664062500000000      -0.172800771437451      -0.151179576799833     
  0.671875000000000      -0.178140617745127      -0.154704537422186     
  0.679687500000000      -0.181249160361293      -0.161241013995612     
  0.687500000000000      -0.183523454671138      -0.169339227519024     
  0.695312500000000      -0.184915199230127      -0.179182488093350     
  0.703125000000000      -0.184641851782988      -0.191319439943152     
  0.710937500000000      -0.178920801574311      -0.204010232302970     
  0.718750000000000      -0.173207629215587      -0.213336015549488     
  0.726562500000000      -0.167318522066812      -0.223026817502003     
  0.734375000000000      -0.160278110260253      -0.233278328793933     
  0.742187500000000      -0.151172363690220      -0.244059192309083     
  0.750000000000000      -0.138067405351747      -0.255071734659670     
  0.757812500000000      -0.119483094972017      -0.257311204078382     
  0.765625000000000      -0.108400246534232      -0.256146947601790     
  0.773437500000000      -9.953709510635669E-002 -0.256066260571423     
  0.781250000000000      -9.129674835110839E-002 -0.257030290399223     
  0.789062500000000      -8.247278066160453E-002 -0.258833400851689     
  0.796875000000000      -7.124509548400812E-002 -0.260596458239414     
  0.804687500000000      -5.891746511225701E-002 -0.253975567499765     
  0.812500000000000      -5.589740324112961E-002 -0.248922716626472     
  0.820312500000000      -5.452096952948663E-002 -0.247844094709030     
  0.828125000000000      -5.327010291521819E-002 -0.250337983510907     
  0.835937500000000      -5.064075806614411E-002 -0.256629126471821     
  0.843750000000000      -4.411650921365842E-002 -0.266937042789725     
  0.851562500000000      -2.589944360385201E-002 -0.279833094301487     
  0.859375000000000      -4.364990099315496E-003 -0.275824162108299     
  0.867187500000000       1.099319586761787E-002 -0.268915246684220     
  0.875000000000000       2.331724011584081E-002 -0.260997420868807     
  0.882812500000000       3.349435831938737E-002 -0.252526911377125     
  0.890625000000000       4.186594412886727E-002 -0.243680110225733     
  0.898437500000000       4.842150315896560E-002 -0.234530907082849     
  0.906250000000000       5.216044165242975E-002 -0.226007165223675     
  0.914062500000000       5.562620490501277E-002 -0.219524237374587     
  0.921875000000000       5.888679798818085E-002 -0.213647900512906     
  0.929687500000000       6.190585782713468E-002 -0.208378510925145     
  0.937500000000000       6.478136948707365E-002 -0.203725355464841     
  0.945312500000000       6.763757060483125E-002 -0.199721879046967     
  0.953125000000000       7.062292366497970E-002 -0.196498738694282     
  0.960937500000000       7.475999345461869E-002 -0.194744677845667     
  0.968750000000000       8.085954565528541E-002 -0.191713172248508     
  0.976562500000000       8.721806088448049E-002 -0.187646476551015     
  0.984375000000000       9.377807278944653E-002 -0.182712701805075     
  0.992187500000000       0.100500474013345      -0.176833733270450     
   1.00000000000000       0.107324741043716      -0.169767236298476     
   1.00781250000000       0.114063854625966      -0.160993187928404     
   1.01562500000000       0.119921235328526      -0.149016812013372     
   1.02343750000000       0.119075679613185      -0.137223025854585     
   1.03125000000000       0.118382001239164      -0.128791257507869     
   1.03906250000000       0.117982304993947      -0.121347629587852     
   1.04687500000000       0.117824616404576      -0.114381476550205     
   1.05468750000000       0.117883562744633      -0.107600788941857     
   1.06250000000000       0.118152896478691      -0.100761929389885     
   1.07031250000000       0.118672940559358      -9.354852706119540E-002
   1.07812500000000       0.119450234516426      -8.451020589168894E-002
   1.08593750000000       0.116841222575535      -7.524697410828535E-002
   1.09375000000000       0.113573613044297      -6.714129562030068E-002
   1.10156250000000       0.109697071646211      -5.958447699615121E-002
   1.10937500000000       0.105085040096726      -5.250938678227218E-002
   1.11718750000000       9.956603562885225E-002 -4.604968733734457E-002
   1.12500000000000       9.296328277426748E-002 -4.055977945554077E-002
   1.13281250000000       8.516560096463456E-002 -3.676620236879632E-002
   1.14062500000000       7.622559470361466E-002 -3.672668382535377E-002
   1.14843750000000       7.374496388552709E-002 -3.953015222278830E-002
   1.15625000000000       7.229531836684056E-002 -3.942442306237648E-002
   1.16406250000000       7.102378407624894E-002 -3.836694167477014E-002
   1.17187500000000       6.977906931927530E-002 -3.671023506704028E-002
   1.17968750000000       6.846222934231591E-002 -3.459839241200516E-002
   1.18750000000000       6.698123282313737E-002 -3.209687973276565E-002
   1.19531250000000       6.522332236448730E-002 -2.921874979552633E-002
   1.20312500000000       6.298451219963258E-002 -2.588114038396518E-002
   1.21093750000000       5.886703761106921E-002 -2.228166163499603E-002
   1.21875000000000       5.453491586973531E-002 -2.091646954759246E-002
   1.22656250000000       5.078570047244739E-002 -2.009156678462928E-002
   1.23437500000000       4.736576410855325E-002 -1.957816428113496E-002
   1.24218750000000       4.418228064481488E-002 -1.930990228505821E-002
   1.25000000000000       4.118658453776335E-002 -1.926850878922740E-002
   1.25781250000000       3.835023672276264E-002 -1.946624180148237E-002
   1.26562500000000       3.565861639281788E-002 -1.995501104385374E-002
   1.27343750000000       3.311894781775845E-002 -2.089243323154091E-002
   1.28125000000000       3.155433654884055E-002 -2.278728297627306E-002
   1.28906250000000       3.100723623475332E-002 -2.368012937716584E-002
   1.29687500000000       3.050883359674262E-002 -2.423307714340105E-002
   1.30468750000000       3.017016988029583E-002 -2.459523374574035E-002
   1.31250000000000       3.004454751562051E-002 -2.475854733470455E-002
   1.32031250000000       3.015704593426026E-002 -2.465206693291309E-002
   1.32812500000000       3.049748685238398E-002 -2.415339680269625E-002
   1.33593750000000       3.099817442571129E-002 -2.308215453480539E-002
   1.34375000000000       3.148435011866042E-002 -2.116337784325686E-002
   1.35156250000000       3.144692432504594E-002 -1.769755813552606E-002
   1.35937500000000       2.797481039401839E-002 -1.478889746066132E-002
   1.36718750000000       2.496409425680942E-002 -1.373921069287913E-002
   1.37500000000000       2.225777808413245E-002 -1.324614299735505E-002
   1.38281250000000       1.976409377036545E-002 -1.310272826378435E-002
   1.39062500000000       1.744079230935252E-002 -1.322515058953047E-002
   1.39843750000000       1.526443877030085E-002 -1.357678119719974E-002
   1.40625000000000       1.322186526364127E-002 -1.415009590535802E-002
   1.41406250000000       1.130860395190133E-002 -1.496838693695667E-002
   1.42187500000000       9.535053320131730E-003 -1.611545256130410E-002
   1.42968750000000       7.995801789971049E-003 -1.800872822766316E-002
   1.43750000000000       8.266584321038606E-003 -1.967625441810375E-002
   1.44531250000000       8.484997676909790E-003 -2.048648134458889E-002
   1.45312500000000       8.704780338121538E-003 -2.095001321402664E-002
   1.46093750000000       8.926041257286115E-003 -2.114769356406810E-002
   1.46875000000000       9.134940598233214E-003 -2.110844348145073E-002
   1.47656250000000       9.309947869485476E-003 -2.084117568929265E-002
   1.48437500000000       9.421753133351867E-003 -2.034275851677922E-002
   1.49218750000000       9.429613099560119E-003 -1.959772225565632E-002
   1.50000000000000       9.269801819419200E-003 -1.856741251703366E-002
   1.50781250000000       8.803419598723165E-003 -1.712950345816483E-002
   1.51562500000000       6.959268503435027E-003 -1.554631975649331E-002
   1.52343750000000       5.056854837585096E-003 -1.526029453219331E-002
   1.53125000000000       3.431716362014921E-003 -1.528941980715895E-002
   1.53906250000000       1.975901914283066E-003 -1.549176329013353E-002
   1.54687500000000       6.473408190450191E-004 -1.581447588575214E-002
   1.55468750000000      -5.759709492256975E-004 -1.623128739784438E-002
   1.56250000000000      -1.706778525687764E-003 -1.672807191768348E-002
   1.57031250000000      -2.752318385024187E-003 -1.729810385007369E-002
   1.57812500000000      -3.715451382384881E-003 -1.794110477647564E-002
   1.58593750000000      -4.593536419455320E-003 -1.866625368616672E-002
   1.59375000000000      -5.369059756906310E-003 -1.951192264788880E-002
   1.60156250000000      -5.766073715925903E-003 -2.045174941039353E-002
   1.60937500000000      -6.071038930737233E-003 -2.110083419012232E-002
   1.61718750000000      -6.387377509149492E-003 -2.168236049758631E-002
   1.62500000000000      -6.695868300754037E-003 -2.223397781598883E-002
   1.63281250000000      -6.988569711050929E-003 -2.277064638906373E-002
   1.64062500000000      -7.260815115729717E-003 -2.330078081661902E-002
   1.64843750000000      -7.509094326718090E-003 -2.383031550295491E-002
   1.65625000000000      -7.730052075036596E-003 -2.436445256130012E-002
   1.66406250000000      -7.919622341581221E-003 -2.490894127593362E-002
   1.67187500000000      -8.071569536919416E-003 -2.547193328910578E-002
   1.67968750000000      -8.173032345238293E-003 -2.606925446191035E-002
   1.68750000000000      -8.138236966000809E-003 -2.676253288310681E-002
   1.69531250000000      -7.910988626440298E-003 -2.723735201365640E-002
   1.70312500000000      -7.726536525892484E-003 -2.762252413755918E-002
   1.71093750000000      -7.548473886913554E-003 -2.796104055382474E-002
   1.71875000000000      -7.368384292574980E-003 -2.826436616293116E-002
   1.72656250000000      -7.182524083038284E-003 -2.853864476188809E-002
   1.73437500000000      -6.988608295981098E-003 -2.878841050077472E-002
   1.74218750000000      -6.784608735790504E-003 -2.901797201678255E-002
   1.75000000000000      -6.567884375377678E-003 -2.923236355924686E-002
   1.75781250000000      -6.334003512027647E-003 -2.943855046610052E-002
   1.76562500000000      -6.074232217409261E-003 -2.964790003524164E-002
   1.77343750000000      -5.767485602737914E-003 -2.988393365422235E-002
   1.78125000000000      -5.296536706246367E-003 -3.025538119577156E-002
   1.78906250000000      -4.478889889555517E-003 -3.017695517691403E-002
   1.79687500000000      -3.860368118255254E-003 -2.989313267116069E-002
   1.80468750000000      -3.341668190108498E-003 -2.950269510973202E-002
   1.81250000000000      -2.905970403874891E-003 -2.902784799109973E-002
   1.82031250000000      -2.548801801967230E-003 -2.847941632457450E-002
   1.82812500000000      -2.270810296901388E-003 -2.786382871150892E-002
   1.83593750000000      -2.075903400138653E-003 -2.718510372675322E-002
   1.84375000000000      -1.971002745610063E-003 -2.644542157592264E-002
   1.85156250000000      -1.966887892603830E-003 -2.564492168202471E-002
   1.85937500000000      -2.080760199565625E-003 -2.478050102336821E-002
   1.86718750000000      -2.343575586805084E-003 -2.384197069073994E-002
   1.87500000000000      -2.829669158094388E-003 -2.279557589537912E-002
   1.88281250000000      -4.057276142005951E-003 -2.178494618527899E-002
   1.89062500000000      -5.169554011215268E-003 -2.167878087425371E-002
   1.89843750000000      -6.000048028040347E-003 -2.166560376983614E-002
   1.90625000000000      -6.700338075565583E-003 -2.168379947598262E-002
   1.91406250000000      -7.323071346219067E-003 -2.171703650442836E-002
   1.92187500000000      -7.895666451896198E-003 -2.175874617003398E-002
   1.92968750000000      -8.435308712942213E-003 -2.180597458108804E-002
   1.93750000000000      -8.954278495705998E-003 -2.185753063314672E-002
   1.94531250000000      -9.462477063757911E-003 -2.191333732835862E-002
   1.95312500000000      -9.969023308869377E-003 -2.197430163020272E-002
   1.96093750000000      -1.048378454215781E-002 -2.204262597336602E-002
   1.96875000000000      -1.101986973857195E-002 -2.212301789421157E-002
   1.97656250000000      -1.160060133786318E-002 -2.222747117957959E-002
   1.98437500000000      -1.231548047707740E-002 -2.243993046923911E-002
   1.99218750000000      -1.279332734209508E-002 -2.287256494895694E-002
   2.00000000000000      -1.320862072756601E-002 -2.323637726707207E-002
   2.00781250000000      -1.358646237459396E-002 -2.360304311732869E-002
   2.01562500000000      -1.392187831847080E-002 -2.398275476896563E-002
   2.02343750000000      -1.420466461756145E-002 -2.437491275702850E-002
   2.03125000000000      -1.442112531185846E-002 -2.477045298665008E-002
   2.03906250000000      -1.455568718557832E-002 -2.514881828385856E-002
   2.04687500000000      -1.459547644335598E-002 -2.547194011463615E-002
   2.05468750000000      -1.454190279429713E-002 -2.567664036603039E-002
   2.06250000000000      -1.443514891321298E-002 -2.567047382101080E-002
   2.07031250000000      -1.439649871908299E-002 -2.534404944283032E-002
   2.07812500000000      -1.468691831344598E-002 -2.462110860754897E-002
   2.08593750000000      -1.579903059510052E-002 -2.357367086851518E-002
   2.09375000000000      -1.913401446281367E-002 -2.318990050341535E-002
   2.10156250000000      -2.080983612617234E-002 -2.629364695380322E-002
   2.10937500000000      -2.068725890480284E-002 -2.877949920802105E-002
   2.11718750000000      -1.980095080042465E-002 -3.048065631151144E-002
   2.12500000000000      -1.871754121583294E-002 -3.143635467274378E-002
   2.13281250000000      -1.775108180882191E-002 -3.185325543930684E-002
   2.14062500000000      -1.701881828921240E-002 -3.194967593302217E-002
   2.14843750000000      -1.653036075378907E-002 -3.188826341989514E-002
   2.15625000000000      -1.625337187721915E-002 -3.177213713368913E-002
   2.16406250000000      -1.614700433615250E-002 -3.166163482615245E-002
   2.17187500000000      -1.617503704771763E-002 -3.159127952464457E-002
   2.17968750000000      -1.630963145641623E-002 -3.158220351792171E-002
   2.18750000000000      -1.653184944612027E-002 -3.165116011372486E-002
   2.19531250000000      -1.683232040445298E-002 -3.181982098095406E-002
   2.20312500000000      -1.721733107638015E-002 -3.213798218725319E-002
   2.21093750000000      -1.753377760550121E-002 -3.289034375328422E-002
   2.21875000000000      -1.739760475848656E-002 -3.352250220991898E-002
   2.22656250000000      -1.722437623732665E-002 -3.402246302726263E-002
   2.23437500000000      -1.703230505245105E-002 -3.445891573815780E-002
   2.24218750000000      -1.682628634538767E-002 -3.485379434424704E-002
   2.25000000000000      -1.660799590957235E-002 -3.521735429563008E-002
   2.25781250000000      -1.637783313635394E-002 -3.555498050076178E-002
   2.26562500000000      -1.613555954609078E-002 -3.586943903904297E-002
   2.27343750000000      -1.588055823958118E-002 -3.616177850176765E-002
   2.28125000000000      -1.561194762666679E-002 -3.643167833618984E-002
   2.28906250000000      -1.532862360290763E-002 -3.667748226753190E-002
   2.29687500000000      -1.502924712848166E-002 -3.689594458396968E-002
   2.30468750000000      -1.471214660238957E-002 -3.708152860193403E-002
   2.31250000000000      -1.437498440483670E-002 -3.722462691356392E-002
   2.32031250000000      -1.401343485580224E-002 -3.730584541232333E-002
   2.32812500000000      -1.360899336519847E-002 -3.725213384840462E-002
   2.33593750000000      -1.349265354055717E-002 -3.705197351204483E-002
   2.34375000000000      -1.344327370513923E-002 -3.699846476693840E-002
   2.35156250000000      -1.341202935186633E-002 -3.699454035335104E-002
   2.35937500000000      -1.339393861384543E-002 -3.702208515182962E-002
   2.36718750000000      -1.338729553370655E-002 -3.707355507429742E-002
   2.37500000000000      -1.339168523697090E-002 -3.714538228305889E-002
   2.38281250000000      -1.340743781179583E-002 -3.723610846688547E-002
   2.39062500000000      -1.343544941484246E-002 -3.734572570446920E-002
   2.39843750000000      -1.347715084727413E-002 -3.747549131367046E-002
   2.40625000000000      -1.353456949697859E-002 -3.762802576834744E-002
   2.41406250000000      -1.361048956512810E-002 -3.780769086396405E-002
   2.42187500000000      -1.370876616591206E-002 -3.802139754896005E-002
   2.42968750000000      -1.383494915007021E-002 -3.828028952409308E-002
   2.43750000000000      -1.399767722610460E-002 -3.860367005641713E-002
   2.44531250000000      -1.421262957421283E-002 -3.903069285009456E-002
   2.45312500000000      -1.452289898821390E-002 -3.968524631185411E-002
   2.46093750000000      -1.434971408559732E-002 -4.083084452554345E-002
   2.46875000000000      -1.384172280866039E-002 -4.162884729294865E-002
   2.47656250000000      -1.325571699899328E-002 -4.228498828252075E-002
   2.48437500000000      -1.260640869844114E-002 -4.284177743255525E-002
   2.49218750000000      -1.190073017653927E-002 -4.331241998716055E-002
   2.50000000000000      -1.114337515905851E-002 -4.370036551556133E-002
   2.53125000000000      -7.679497342311888E-003 -4.435769766653277E-002
   2.56250000000000      -3.801367241094042E-003 -4.311320556490175E-002
   2.59375000000000      -1.735592384446651E-003 -3.792032643465409E-002
   2.62500000000000      -4.217424060619133E-003 -3.555960334277364E-002
   2.65625000000000      -6.270101664984574E-003 -3.477897143364433E-002
   2.68750000000000      -8.396428859653833E-003 -3.473334128214039E-002
   2.71875000000000      -1.121652840282952E-002 -3.560870739374505E-002
   2.75000000000000      -1.290151466778627E-002 -4.004376500527782E-002
   2.78125000000000      -1.159219485270428E-002 -4.383192667823727E-002
   2.81250000000000      -8.759007120534125E-003 -4.673272756137314E-002
   2.84375000000000      -4.573315982287111E-003 -4.808302841492761E-002
   2.87500000000000       2.222489310280025E-004 -4.568770197772561E-002
   2.90625000000000      -1.628922577918805E-004 -4.302181946307864E-002
   2.93750000000000      -5.971897711100302E-004 -4.214003827578943E-002
   2.96875000000000      -1.047633997342911E-003 -4.195273960756266E-002
   3.00000000000000      -1.538474539182426E-003 -4.238174104287477E-002
   3.03125000000000      -1.793660417497815E-003 -4.421404732075528E-002
   3.06250000000000       4.367312920100638E-005 -4.557853371047640E-002
   3.09375000000000       1.936358562581239E-003 -4.612678601791956E-002
   3.12500000000000       3.854232716368836E-003 -4.621671733310828E-002
   3.15625000000000       5.759164557975238E-003 -4.588397331637807E-002
   3.18750000000000       7.550539905475199E-003 -4.495206745202202E-002
   3.21875000000000       8.442013538410226E-003 -4.401928623254896E-002
   3.25000000000000       9.424890684114893E-003 -4.332682031267737E-002
   3.28125000000000       1.042914018563735E-002 -4.258280208943357E-002
   3.31250000000000       1.142260329859785E-002 -4.169687857874049E-002
   3.34375000000000       1.236067401962772E-002 -4.051724213350533E-002
   3.37500000000000       1.242807507031789E-002 -3.885587427289864E-002
   3.40625000000000       1.203317845649120E-002 -3.809928195395638E-002
   3.43750000000000       1.170014702124242E-002 -3.775295019690133E-002
   3.46875000000000       1.143729650319142E-002 -3.774767169176691E-002
   3.50000000000000       1.129644751053111E-002 -3.812765951341306E-002
   3.53125000000000       1.145943314996350E-002 -3.916477255552488E-002
   3.56250000000000       1.332060666559662E-002 -3.992421352992166E-002
   3.59375000000000       1.492406896908901E-002 -3.965656367675227E-002
   3.62500000000000       1.634816276360407E-002 -3.907857393706009E-002
   3.65625000000000       1.764789052974186E-002 -3.826528539673554E-002
   3.68750000000000       1.883266890943293E-002 -3.719763550036079E-002
   3.71875000000000       1.983881020563828E-002 -3.566625198282780E-002
   3.75000000000000       1.965731122088952E-002 -3.419777101028816E-002
   3.78125000000000       1.952341875567387E-002 -3.339826350471232E-002
   3.81250000000000       1.942549151031527E-002 -3.284217952964134E-002
   3.84375000000000       1.935201104546262E-002 -3.250202540744702E-002
   3.87500000000000       1.931801915478010E-002 -3.241801600635043E-002
   3.90625000000000       1.937809252026447E-002 -3.275974557305789E-002
   3.93750000000000       2.062508114171932E-002 -3.365124430819537E-002
   3.96875000000000       2.237403835601039E-002 -3.338952856195544E-002
   4.00000000000000       2.402700836528135E-002 -3.259758976311081E-002
   4.03125000000000       2.554990694683033E-002 -3.138160879602691E-002
   4.06250000000000       2.687853212074373E-002 -2.975677156358863E-002
   4.09375000000000       2.790192806059911E-002 -2.767772476943248E-002
   4.12500000000000       2.819480836811750E-002 -2.477139447019989E-002
   4.15625000000000       2.688572474579613E-002 -2.316794328582539E-002
   4.18750000000000       2.609436962077724E-002 -2.219987463760400E-002
   4.21875000000000       2.548744509164791E-002 -2.145470707413400E-002
   4.25000000000000       2.499470385604518E-002 -2.085162257447314E-002
   4.28125000000000       2.458892257886065E-002 -2.036301852188064E-002
   4.31250000000000       2.426746417081170E-002 -1.999115543442488E-002
   4.34375000000000       2.414673298555072E-002 -1.981277422007424E-002
   4.37500000000000       2.427936660938382E-002 -1.935481048196192E-002
   4.40625000000000       2.432112822752288E-002 -1.882295324634887E-002
   4.43750000000000       2.432778139195633E-002 -1.828141387194378E-002
   4.46875000000000       2.431521690592380E-002 -1.774959312452514E-002
   4.50000000000000       2.429501114218675E-002 -1.724167506200671E-002
   4.53125000000000       2.428306090243816E-002 -1.677687118575386E-002
   4.56250000000000       2.432585065735713E-002 -1.641244412305421E-002
   4.59375000000000       2.470673202580306E-002 -1.591963829949508E-002
   4.62500000000000       2.496597160680354E-002 -1.516298408798720E-002
   4.65625000000000       2.512556687032847E-002 -1.431320082316991E-002
   4.68750000000000       2.519149256757278E-002 -1.339192107584624E-002
   4.71875000000000       2.515538373376518E-002 -1.240512113193198E-002
   4.75000000000000       2.499520998978551E-002 -1.134914531621901E-002
   4.78125000000000       2.465693098318678E-002 -1.020261772399233E-002
   4.81250000000000       2.377004117524256E-002 -8.970451479957689E-003
   4.84375000000000       2.277541357347407E-002 -8.531940260639019E-003
   4.87500000000000       2.202700693531665E-002 -8.233846327378343E-003
   4.90625000000000       2.139496237349821E-002 -8.001963744521482E-003
   4.93750000000000       2.083983984430406E-002 -7.815138880022311E-003
   4.96875000000000       2.034220364729672E-002 -7.664175360416157E-003
   5.00000000000000       1.989079739276438E-002 -7.545374708383830E-003
   5.03125000000000       1.947895143235418E-002 -7.459899126790022E-003
   5.06250000000000       1.911737985450069E-002 -7.425389150491566E-003
   5.09375000000000       1.882799480651901E-002 -7.384582665738333E-003
   5.12500000000000       1.856539359452870E-002 -7.349449467170283E-003
   5.15625000000000       1.833392349687632E-002 -7.329578101618280E-003
   5.18750000000000       1.813783882005752E-002 -7.328489994097985E-003
   5.21875000000000       1.798349588908157E-002 -7.349210803214094E-003
   5.25000000000000       1.788176237318847E-002 -7.396058018702112E-003
   5.28125000000000       1.785480413637255E-002 -7.477789610054378E-003
   5.31250000000000       1.797484103278126E-002 -7.624738448691940E-003
   5.34375000000000       1.843259923360182E-002 -7.473533350765883E-003
   5.37500000000000       1.866547751970216E-002 -7.087560449120909E-003
   5.40625000000000       1.879542886110569E-002 -6.654705278925546E-003
   5.43750000000000       1.885294760220404E-002 -6.190172641371452E-003
   5.46875000000000       1.884761359631761E-002 -5.699495982417648E-003
   5.50000000000000       1.877987113623735E-002 -5.184159665925347E-003
   5.53125000000000       1.864176704365810E-002 -4.642214671973307E-003
   5.56250000000000       1.840937785099190E-002 -4.065535108830102E-003
   5.59375000000000       1.797405493507554E-002 -3.413281259230366E-003
   5.62500000000000       1.727747044524484E-002 -3.214138961353659E-003
   5.65625000000000       1.682307872489027E-002 -3.145894624208671E-003
   5.68750000000000       1.646100253613184E-002 -3.114987536561075E-003
   5.71875000000000       1.616371214857891E-002 -3.109438185667855E-003
   5.75000000000000       1.592104635546523E-002 -3.124111751004969E-003
   5.78125000000000       1.573041181220868E-002 -3.156606748368620E-003
   5.81250000000000       1.559528131690433E-002 -3.206299399224182E-003
   5.84375000000000       1.552857419629776E-002 -3.274725163973024E-003
   5.87500000000000       1.557568328280246E-002 -3.369914486188553E-003
   5.90625000000000       1.584683052961062E-002 -3.252016883294657E-003
   5.93750000000000       1.594091797570991E-002 -2.974047916071885E-003
   5.96875000000000       1.596441315231151E-002 -2.685543913134701E-003
   6.00000000000000       1.594661004395075E-002 -2.392862730459573E-003
   6.03125000000000       1.589941846266255E-002 -2.098750008479743E-003
   6.06250000000000       1.582931184351048E-002 -1.804827788091960E-003
   6.09375000000000       1.574042536711425E-002 -1.512284407650959E-003
   6.12500000000000       1.563585473123669E-002 -1.222230811167996E-003
   6.15625000000000       1.551867430999839E-002 -9.361594562311004E-004
   6.18750000000000       1.539584155851903E-002 -6.585645994565871E-004
   6.21875000000000       1.528091735506273E-002 -3.599969774116675E-004
   6.25000000000000       1.513894830404710E-002 -4.935133036592981E-005
   6.28125000000000       1.497618340313699E-002  2.651609296649386E-004
   6.31250000000000       1.479298163929552E-002  5.822605904864708E-004
   6.34375000000000       1.458833517120169E-002  9.013537383338246E-004
   6.37500000000000       1.436011772086215E-002  1.222122779264639E-003
   6.40625000000000       1.410469354268933E-002  1.544421455083220E-003
   6.43750000000000       1.381572561680436E-002  1.868271945236860E-003
   6.46875000000000       1.348050494176603E-002  2.193987392270286E-003
   6.50000000000000       1.306025021142551E-002  2.522965253294518E-003
   6.53125000000000       1.251008556990329E-002  2.654272011781379E-003
   6.56250000000000       1.211137336823810E-002  2.696272270338374E-003
   6.59375000000000       1.176454862844289E-002  2.735498871636077E-003
   6.62500000000000       1.144733887959011E-002  2.772912849429947E-003
   6.65625000000000       1.115009963508424E-002  2.808923848086981E-003
   6.68750000000000       1.086721523890358E-002  2.843759805726010E-003
   6.71875000000000       1.059478451999200E-002  2.877564299751038E-003
   6.75000000000000       1.032962110571423E-002  2.910433121114348E-003
   6.78125000000000       1.006852372139788E-002  2.942428941250336E-003
   6.81250000000000       9.807005492900733E-003  2.973580745286908E-003
   6.84375000000000       9.530119681256447E-003  3.003806261968308E-003
   6.87500000000000       9.257000737492992E-003  2.977930606399207E-003
   6.90625000000000       9.017200591023119E-003  2.950515624656249E-003
   6.93750000000000       8.792944757541773E-003  2.922724839261872E-003
   6.96875000000000       8.580405160933476E-003  2.894519810502475E-003
   7.00000000000000       8.377648451728573E-003  2.865873927912150E-003
   7.03125000000000       8.183499087013428E-003  2.836759443997580E-003
   7.06250000000000       7.997210664581476E-003  2.807140048073163E-003
   7.09375000000000       7.818365254271813E-003  2.776961172502984E-003
   7.12500000000000       7.646909128413883E-003  2.746130027266805E-003
   7.15625000000000       7.483437032080906E-003  2.714458060546677E-003
   7.18750000000000       7.330897414136344E-003  2.681356213837482E-003
   7.21875000000000       7.195442232719465E-003  2.664088494591829E-003
   7.25000000000000       7.050132103515523E-003  2.656769655992094E-003
   7.28125000000000       6.902292150861863E-003  2.650358546687150E-003
   7.31250000000000       6.753450489952332E-003  2.644518876658328E-003
   7.34375000000000       6.603985517094292E-003  2.639123679814431E-003
   7.37500000000000       6.453871687033846E-003  2.634118554383369E-003
   7.40625000000000       6.302853547289177E-003  2.629487318637621E-003
   7.43750000000000       6.150481568048365E-003  2.625241305394045E-003
   7.46875000000000       5.996073266393067E-003  2.621418955936836E-003
   7.50000000000000       5.838567503284542E-003  2.618095959391305E-003
   7.53125000000000       5.676045502012386E-003  2.615423616841185E-003
   7.56250000000000       5.502576555845932E-003  2.613887787736294E-003
   7.59375000000000       5.318056640021729E-003  2.587733845345848E-003
   7.62500000000000       5.146567081971564E-003  2.556832924168972E-003
   7.65625000000000       4.977053406502355E-003  2.525933790646238E-003
   7.68750000000000       4.806263131658004E-003  2.495329409277628E-003
   7.71875000000000       4.631495831274379E-003  2.465280159969081E-003
   7.75000000000000       4.449625130228143E-003  2.436103622639102E-003
   7.78125000000000       4.256356524978506E-003  2.408252097063745E-003
   7.81250000000000       4.045042258480140E-003  2.382443932562828E-003
   7.84375000000000       3.804115201865198E-003  2.359953960779641E-003
   7.87500000000000       3.510173733522318E-003  2.343405350643924E-003
   7.90625000000000       3.102781869710292E-003  2.339686953996398E-003
   7.93750000000000       2.308847222144590E-003  2.380598639752485E-003
   7.96875000000000       1.990856696027629E-003  1.128179142912134E-006
   8.00000000000000       2.832472447546063E-003  5.701868600691283E-007
   8.03125000000000       3.169360344204302E-003  3.695351054746698E-007
   8.06250000000000       3.366847073381666E-003  2.580119543834635E-007
   8.09375000000000       3.497935245830565E-003  1.857658934733904E-007
   8.12500000000000       3.590218941973960E-003  1.349795056526085E-007
   8.15625000000000       3.657151082647273E-003  9.739509107938244E-008
   8.18750000000000       3.706311480705685E-003  6.857604227018550E-008
   8.21875000000000       3.742394594889466E-003  4.589594600370425E-008
   8.25000000000000       3.768509305944578E-003  2.768950840716219E-008
   8.28125000000000       3.786819961973706E-003  1.284456682084289E-008
   8.31250000000000       3.798892842271256E-003  5.881134645713314E-010
   8.34375000000000       3.805896943518149E-003 -9.634989393172001E-009
   8.37500000000000       3.808726965750879E-003 -1.823393930140108E-008
   8.40625000000000       3.808082114214115E-003 -2.551727374792447E-008
   8.43750000000000       3.804518491673401E-003 -3.172197743992990E-008
   8.46875000000000       3.798485046075762E-003 -3.703311097304251E-008
   8.50000000000000       3.790348930914281E-003 -4.159716538429582E-008
   8.53125000000000       3.780413770469747E-003 -4.553153832393894E-008
   8.56250000000000       3.768933130138218E-003 -4.893147463842578E-008
   8.59375000000000       3.756120600508476E-003 -5.187491908146896E-008
   8.62500000000000       3.742157480090930E-003 -5.442608612749776E-008
   8.65625000000000       3.727198702491153E-003 -5.663862051104074E-008
   8.68750000000000       3.711377488518169E-003 -5.855731846223872E-008
   8.71875000000000       3.694808997826016E-003 -6.022007195415248E-008
   8.75000000000000       3.677593287109987E-003 -6.165896546833118E-008
   8.78125000000000       3.659817653938527E-003 -6.290145674354845E-008
   8.81250000000000       3.641558590564856E-003 -6.397103197298526E-008
   8.84375000000000       3.622883347930246E-003 -6.488794696194155E-008
   8.87500000000000       3.603851256320334E-003 -6.566974060952913E-008
   8.90625000000000       3.584514804997257E-003 -6.633161542248195E-008
   8.93750000000000       3.564920565728505E-003 -6.688690992884955E-008
   8.96875000000000       3.545109950657029E-003 -6.734715739213903E-008
   9.00000000000000       3.525119873962591E-003 -6.772258908699949E-008
   9.03125000000000       3.504983293971530E-003 -6.802223325850143E-008
   9.06250000000000       3.484729704571472E-003 -6.825398122340884E-008
   9.09375000000000       3.464385525797546E-003 -6.842484752474123E-008
   9.12500000000000       3.443974465197776E-003 -6.854105241372785E-008
   9.15625000000000       3.423517822520603E-003 -6.860819352088888E-008
   9.18750000000000       3.403034749754132E-003 -6.863119163694827E-008
   9.21875000000000       3.382542488708977E-003 -6.861445800075661E-008
   9.25000000000000       3.362056566069629E-003 -6.856194360962590E-008
   9.28125000000000       3.341590980193907E-003 -6.847719327967590E-008
   9.31250000000000       3.321158345027481E-003 -6.836339858206627E-008
   9.34375000000000       3.300770043744718E-003 -6.822342134606694E-008
   9.37500000000000       3.280436336054616E-003 -6.805985011041591E-008
   9.40625000000000       3.260166480214135E-003 -6.787506430928051E-008
   9.43750000000000       3.239968815857417E-003 -6.767108807527873E-008
   9.46875000000000       3.219850862416424E-003 -6.744985135179150E-008
   9.50000000000000       3.199819390108600E-003 -6.721314066561690E-008
   9.53125000000000       3.179880490513463E-003 -6.696251585146127E-008
   9.56250000000000       3.160039634897457E-003 -6.669930188532862E-008
   9.59375000000000       3.140301735331735E-003 -6.642489115003716E-008
   9.62500000000000       3.120671189501591E-003 -6.614041815041014E-008
   9.65625000000000       3.101151931228520E-003 -6.584700869317759E-008
   9.68750000000000       3.081747466743412E-003 -6.554557889874982E-008
   9.71875000000000       3.062460913783838E-003 -6.523708678849523E-008
   9.75000000000000       3.043295033972954E-003 -6.492225585395231E-008
   9.78125000000000       3.024252261815402E-003 -6.460195706984082E-008
   9.81250000000000       3.005334737414216E-003 -6.427674394457851E-008
   9.84375000000000       2.986544325810730E-003 -6.394729774871643E-008
   9.87500000000000       2.967882643517444E-003 -6.361421373772113E-008
   9.90625000000000       2.949351075681886E-003 -6.327796720308388E-008
   9.93750000000000       2.930950801253911E-003 -6.293902415129021E-008
   9.96875000000000       2.912682799994892E-003 -6.259786695676155E-008
   10.0000000000000       2.894547881558244E-003 -6.225489674668166E-008
   11.0000000000000       2.631407165052949E-003  0.000000000000000E+000
   12.0000000000000       2.412123234631870E-003  0.000000000000000E+000
   13.0000000000000       2.226575293506341E-003  0.000000000000000E+000
   14.0000000000000       2.067534201113031E-003  0.000000000000000E+000
   15.0000000000000       1.929698587705496E-003  0.000000000000000E+000
   16.0000000000000       1.809092425973902E-003  0.000000000000000E+000
   17.0000000000000       1.702675224446026E-003  0.000000000000000E+000
   18.0000000000000       1.608082156421247E-003  0.000000000000000E+000
   19.0000000000000       1.523446253451707E-003  0.000000000000000E+000
   20.0000000000000       1.447273940779122E-003  0.000000000000000E+000
   21.0000000000000       1.378356134075354E-003  0.000000000000000E+000
   22.0000000000000       1.315703582526474E-003  0.000000000000000E+000
   23.0000000000000       1.258499078938367E-003  0.000000000000000E+000
   24.0000000000000       1.206061617315935E-003  0.000000000000000E+000
   25.0000000000000       1.157819152623297E-003  0.000000000000000E+000
   26.0000000000000       1.113287646753171E-003  0.000000000000000E+000
   27.0000000000000       1.072054770947498E-003  0.000000000000000E+000
   28.0000000000000       1.033767100556516E-003  0.000000000000000E+000
   29.0000000000000       9.981199591580152E-004  0.000000000000000E+000
   30.0000000000000       9.648492938527480E-004  0.000000000000000E+000
   31.0000000000000       9.337251230833044E-004  0.000000000000000E+000
   32.0000000000000       9.045462129869512E-004  0.000000000000000E+000
   33.0000000000000       8.771357216843163E-004  0.000000000000000E+000
   34.0000000000000       8.513376122230129E-004  0.000000000000000E+000
   35.0000000000000       8.270136804452126E-004  0.000000000000000E+000
   36.0000000000000       8.040410782106233E-004  0.000000000000000E+000
   37.0000000000000       7.823102382589848E-004  0.000000000000000E+000
   38.0000000000000       7.617231267258536E-004  0.000000000000000E+000
   39.0000000000000       7.421917645021139E-004  0.000000000000000E+000
   40.0000000000000       7.236369703895610E-004  0.000000000000000E+000
   41.0000000000000       7.059872881849375E-004  0.000000000000000E+000
   42.0000000000000       6.891780670376771E-004  0.000000000000000E+000
   43.0000000000000       6.731506701298241E-004  0.000000000000000E+000
   44.0000000000000       6.578517912632372E-004  0.000000000000000E+000
   45.0000000000000       6.432328625684986E-004  0.000000000000000E+000
   46.0000000000000       6.292495394691834E-004  0.000000000000000E+000
   47.0000000000000       6.158612513953710E-004  0.000000000000000E+000
   48.0000000000000       6.030308086579675E-004  0.000000000000000E+000
   49.0000000000000       5.907240574608661E-004  0.000000000000000E+000
   50.0000000000000       5.789095763116487E-004  0.000000000000000E+000
   51.0000000000000       5.675584081486752E-004  0.000000000000000E+000
   52.0000000000000       5.566438233765853E-004  0.000000000000000E+000
   53.0000000000000       5.461411097279705E-004  0.000000000000000E+000
   54.0000000000000       5.360273854737489E-004  0.000000000000000E+000
   55.0000000000000       5.262814330105898E-004  0.000000000000000E+000
   56.0000000000000       5.168835502782578E-004  0.000000000000000E+000
   57.0000000000000       5.078154178172358E-004  0.000000000000000E+000
   58.0000000000000       4.990599795790076E-004  0.000000000000000E+000
   59.0000000000000       4.906013358573295E-004  0.000000000000000E+000
   60.0000000000000       4.824246469263740E-004  0.000000000000000E+000
   61.0000000000000       4.745160461570891E-004  0.000000000000000E+000
   62.0000000000000       4.668625615416522E-004  0.000000000000000E+000
   63.0000000000000       4.594520446917847E-004  0.000000000000000E+000
   64.0000000000000       4.522731064934756E-004  0.000000000000000E+000
   65.0000000000000       4.453150587012683E-004  0.000000000000000E+000
   66.0000000000000       4.385678608421581E-004  0.000000000000000E+000
   67.0000000000000       4.320220718743648E-004  0.000000000000000E+000
   68.0000000000000       4.256688061115065E-004  0.000000000000000E+000
   69.0000000000000       4.194996929794557E-004  0.000000000000000E+000
   70.0000000000000       4.135068402226063E-004  0.000000000000000E+000
   71.0000000000000       4.076828002194710E-004  0.000000000000000E+000
   72.0000000000000       4.020205391053117E-004  0.000000000000000E+000
   73.0000000000000       3.965134084326362E-004  0.000000000000000E+000
   74.0000000000000       3.911551191294924E-004  0.000000000000000E+000
   75.0000000000000       3.859397175410992E-004  0.000000000000000E+000
   76.0000000000000       3.808615633629268E-004  0.000000000000000E+000
   77.0000000000000       3.759153092932784E-004  0.000000000000000E+000
   78.0000000000000       3.710958822510569E-004  0.000000000000000E+000
   79.0000000000000       3.663984660200309E-004  0.000000000000000E+000
   80.0000000000000       3.618184851947805E-004  0.000000000000000E+000
   81.0000000000000       3.573515903158326E-004  0.000000000000000E+000
   82.0000000000000       3.529936440924688E-004  0.000000000000000E+000
   83.0000000000000       3.487407086214752E-004  0.000000000000000E+000
   84.0000000000000       3.445890335188385E-004  0.000000000000000E+000
   85.0000000000000       3.405350448892051E-004  0.000000000000000E+000
   86.0000000000000       3.365753350649120E-004  0.000000000000000E+000
   87.0000000000000       3.327066530526717E-004  0.000000000000000E+000
   88.0000000000000       3.289258956316186E-004  0.000000000000000E+000
   89.0000000000000       3.252300990514881E-004  0.000000000000000E+000
   90.0000000000000       3.216164312842493E-004  0.000000000000000E+000
   91.0000000000000       3.180821847866202E-004  0.000000000000000E+000
   92.0000000000000       3.146247697345917E-004  0.000000000000000E+000
   93.0000000000000       3.112417076944348E-004  0.000000000000000E+000
   94.0000000000000       3.079306256976855E-004  0.000000000000000E+000
   95.0000000000000       3.046892506903414E-004  0.000000000000000E+000
   96.0000000000000       3.015154043289837E-004  0.000000000000000E+000
   97.0000000000000       2.984069980987880E-004  0.000000000000000E+000
   98.0000000000000       2.953620287304330E-004  0.000000000000000E+000
   99.0000000000000       2.923785738947721E-004  0.000000000000000E+000
   100.000000000000       2.894547881558244E-004  0.000000000000000E+000
   101.000000000000       2.865888991641826E-004  0.000000000000000E+000
   102.000000000000       2.837792040743376E-004  0.000000000000000E+000
   103.000000000000       2.810240661707033E-004  0.000000000000000E+000
   104.000000000000       2.783219116882927E-004  0.000000000000000E+000
   105.000000000000       2.756712268150709E-004  0.000000000000000E+000
   106.000000000000       2.730705548639853E-004  0.000000000000000E+000
   107.000000000000       2.705184936035742E-004  0.000000000000000E+000
   108.000000000000       2.680136927368744E-004  0.000000000000000E+000
   109.000000000000       2.655548515191049E-004  0.000000000000000E+000
   110.000000000000       2.631407165052949E-004  0.000000000000000E+000
   111.000000000000       2.607700794196616E-004  0.000000000000000E+000
   112.000000000000       2.584417751391289E-004  0.000000000000000E+000
   113.000000000000       2.561546797839154E-004  0.000000000000000E+000
   114.000000000000       2.539077089086179E-004  0.000000000000000E+000
   115.000000000000       2.516998157876734E-004  0.000000000000000E+000
   116.000000000000       2.495299897895038E-004  0.000000000000000E+000
   117.000000000000       2.473972548340379E-004  0.000000000000000E+000
   118.000000000000       2.453006679286647E-004  0.000000000000000E+000
   119.000000000000       2.432393177780037E-004  0.000000000000000E+000
   120.000000000000       2.412123234631870E-004  0.000000000000000E+000
   121.000000000000       2.392188331866317E-004  0.000000000000000E+000
   122.000000000000       2.372580230785446E-004  0.000000000000000E+000
   123.000000000000       2.353290960616458E-004  0.000000000000000E+000
   124.000000000000       2.334312807708261E-004  0.000000000000000E+000
   125.000000000000       2.315638305246595E-004  0.000000000000000E+000
   126.000000000000       2.297260223458924E-004  0.000000000000000E+000
   127.000000000000       2.279171560282082E-004  0.000000000000000E+000
   128.000000000000       2.261365532467378E-004  0.000000000000000E+000
   129.000000000000       2.243835567099414E-004  0.000000000000000E+000
   130.000000000000       2.226575293506341E-004  0.000000000000000E+000
   131.000000000000       2.209578535540644E-004  0.000000000000000E+000
   132.000000000000       2.192839304210791E-004  0.000000000000000E+000
   133.000000000000       2.176351790645296E-004  0.000000000000000E+000
   134.000000000000       2.160110359371824E-004  0.000000000000000E+000
   135.000000000000       2.144109541894996E-004  0.000000000000000E+000
   136.000000000000       2.128344030557532E-004  0.000000000000000E+000
   137.000000000000       2.112808672670251E-004  0.000000000000000E+000
   138.000000000000       2.097498464897278E-004  0.000000000000000E+000
   139.000000000000       2.082408547883629E-004  0.000000000000000E+000
   140.000000000000       2.067534201113031E-004  0.000000000000000E+000
   141.000000000000       2.052870837984570E-004  0.000000000000000E+000
   142.000000000000       2.038414001097355E-004  0.000000000000000E+000
   143.000000000000       2.024159357733038E-004  0.000000000000000E+000
   144.000000000000       2.010102695526558E-004  0.000000000000000E+000
   145.000000000000       1.996239918316030E-004  0.000000000000000E+000
   146.000000000000       1.982567042163181E-004  0.000000000000000E+000
   147.000000000000       1.969080191536220E-004  0.000000000000000E+000
   148.000000000000       1.955775595647462E-004  0.000000000000000E+000
   149.000000000000       1.942649584938419E-004  0.000000000000000E+000
   150.000000000000       1.929698587705496E-004  0.000000000000000E+000
   151.000000000000       1.916919126859764E-004  0.000000000000000E+000
   152.000000000000       1.904307816814634E-004  0.000000000000000E+000
   153.000000000000       1.891861360495584E-004  0.000000000000000E+000
   154.000000000000       1.879576546466392E-004  0.000000000000000E+000
   155.000000000000       1.867450246166609E-004  0.000000000000000E+000
   156.000000000000       1.855479411255285E-004  0.000000000000000E+000
   157.000000000000       1.843661071056206E-004  0.000000000000000E+000
   158.000000000000       1.831992330100154E-004  0.000000000000000E+000
   159.000000000000       1.820470365759902E-004  0.000000000000000E+000
   160.000000000000       1.809092425973902E-004  0.000000000000000E+000
   161.000000000000       1.797855827054810E-004  0.000000000000000E+000
   162.000000000000       1.786757951579163E-004  0.000000000000000E+000
   163.000000000000       1.775796246354751E-004  0.000000000000000E+000
   164.000000000000       1.764968220462344E-004  0.000000000000000E+000
   165.000000000000       1.754271443368633E-004  0.000000000000000E+000
   166.000000000000       1.743703543107376E-004  0.000000000000000E+000
   167.000000000000       1.733262204525895E-004  0.000000000000000E+000
   168.000000000000       1.722945167594193E-004  0.000000000000000E+000
   169.000000000000       1.712750225774109E-004  0.000000000000000E+000
   170.000000000000       1.702675224446026E-004  0.000000000000000E+000
   171.000000000000       1.692718059390786E-004  0.000000000000000E+000
   172.000000000000       1.682876675324560E-004  0.000000000000000E+000
   173.000000000000       1.673149064484534E-004  0.000000000000000E+000
   174.000000000000       1.663533265263359E-004  0.000000000000000E+000
   175.000000000000       1.654027360890425E-004  0.000000000000000E+000
   176.000000000000       1.644629478158093E-004  0.000000000000000E+000
   177.000000000000       1.635337786191098E-004  0.000000000000000E+000
   178.000000000000       1.626150495257440E-004  0.000000000000000E+000
   179.000000000000       1.617065855619131E-004  0.000000000000000E+000
   180.000000000000       1.608082156421246E-004  0.000000000000000E+000
   181.000000000000       1.599197724617814E-004  0.000000000000000E+000
   182.000000000000       1.590410923933101E-004  0.000000000000000E+000
   183.000000000000       1.581720153856964E-004  0.000000000000000E+000
   184.000000000000       1.573123848672959E-004  0.000000000000000E+000
   185.000000000000       1.564620476517970E-004  0.000000000000000E+000
   186.000000000000       1.556208538472174E-004  0.000000000000000E+000
   187.000000000000       1.547886567678205E-004  0.000000000000000E+000
   188.000000000000       1.539653128488427E-004  0.000000000000000E+000
   189.000000000000       1.531506815639282E-004  0.000000000000000E+000
   190.000000000000       1.523446253451707E-004  0.000000000000000E+000
   191.000000000000       1.515470095056672E-004  0.000000000000000E+000
   192.000000000000       1.507577021644919E-004  0.000000000000000E+000
   193.000000000000       1.499765741740023E-004  0.000000000000000E+000
   194.000000000000       1.492034990493940E-004  0.000000000000000E+000
   195.000000000000       1.484383529004228E-004  0.000000000000000E+000
   196.000000000000       1.476810143652165E-004  0.000000000000000E+000
   197.000000000000       1.469313645461037E-004  0.000000000000000E+000
   198.000000000000       1.461892869473861E-004  0.000000000000000E+000
   199.000000000000       1.454546674149871E-004  0.000000000000000E+000
   200.000000000000       1.447273940779122E-004  0.000000000000000E+000
   201.000000000000       1.440073572914549E-004  0.000000000000000E+000
   202.000000000000       1.432944495820913E-004  0.000000000000000E+000
   203.000000000000       1.425885655940022E-004  0.000000000000000E+000
   204.000000000000       1.418896020371688E-004  0.000000000000000E+000
   205.000000000000       1.411974576369875E-004  0.000000000000000E+000
   206.000000000000       1.405120330853517E-004  0.000000000000000E+000
   207.000000000000       1.398332309931519E-004  0.000000000000000E+000
   208.000000000000       1.391609558441463E-004  0.000000000000000E+000
   209.000000000000       1.384951139501552E-004  0.000000000000000E+000
   210.000000000000       1.378356134075354E-004  0.000000000000000E+000
   211.000000000000       1.371823640548931E-004  0.000000000000000E+000
   212.000000000000       1.365352774319926E-004  0.000000000000000E+000
   213.000000000000       1.358942667398237E-004  0.000000000000000E+000
   214.000000000000       1.352592468017871E-004  0.000000000000000E+000
   215.000000000000       1.346301340259648E-004  0.000000000000000E+000
   216.000000000000       1.340068463684372E-004  0.000000000000000E+000
   217.000000000000       1.333893032976149E-004  0.000000000000000E+000
   218.000000000000       1.327774257595525E-004  0.000000000000000E+000
   219.000000000000       1.321711361442121E-004  0.000000000000000E+000
   220.000000000000       1.315703582526475E-004  0.000000000000000E+000
   221.000000000000       1.309750172650789E-004  0.000000000000000E+000
   222.000000000000       1.303850397098308E-004  0.000000000000000E+000
   223.000000000000       1.298003534331051E-004  0.000000000000000E+000
   224.000000000000       1.292208875695645E-004  0.000000000000000E+000
   225.000000000000       1.286465725136997E-004  0.000000000000000E+000
   226.000000000000       1.280773398919577E-004  0.000000000000000E+000
   227.000000000000       1.275131225356055E-004  0.000000000000000E+000
   228.000000000000       1.269538544543089E-004  0.000000000000000E+000
   229.000000000000       1.263994708104037E-004  0.000000000000000E+000
   230.000000000000       1.258499078938367E-004  0.000000000000000E+000
   231.000000000000       1.253051030977595E-004  0.000000000000000E+000
   232.000000000000       1.247649948947519E-004  0.000000000000000E+000
   233.000000000000       1.242295228136585E-004  0.000000000000000E+000
   234.000000000000       1.236986274170190E-004  0.000000000000000E+000
   235.000000000000       1.231722502790742E-004  0.000000000000000E+000
   236.000000000000       1.226503339643324E-004  0.000000000000000E+000
   237.000000000000       1.221328220066769E-004  0.000000000000000E+000
   238.000000000000       1.216196588890018E-004  0.000000000000000E+000
   239.000000000000       1.211107900233575E-004  0.000000000000000E+000
   240.000000000000       1.206061617315935E-004  0.000000000000000E+000
   241.000000000000       1.201057212264831E-004  0.000000000000000E+000
   242.000000000000       1.196094165933159E-004  0.000000000000000E+000
   243.000000000000       1.191171967719442E-004  0.000000000000000E+000
   244.000000000000       1.186290115392723E-004  0.000000000000000E+000
   245.000000000000       1.181448114921732E-004  0.000000000000000E+000
   246.000000000000       1.176645480308229E-004  0.000000000000000E+000
   247.000000000000       1.171881733424390E-004  0.000000000000000E+000
   248.000000000000       1.167156403854131E-004  0.000000000000000E+000
   249.000000000000       1.162469028738251E-004  0.000000000000000E+000
   250.000000000000       1.157819152623298E-004  0.000000000000000E+000
   251.000000000000       1.153206327314041E-004  0.000000000000000E+000
   252.000000000000       1.148630111729462E-004  0.000000000000000E+000
   253.000000000000       1.144090071762152E-004  0.000000000000000E+000
   254.000000000000       1.139585780141041E-004  0.000000000000000E+000
   255.000000000000       1.135116816297351E-004  0.000000000000000E+000
   256.000000000000       1.130682766233689E-004  0.000000000000000E+000
   257.000000000000       1.126283222396204E-004  0.000000000000000E+000
   258.000000000000       1.121917783549707E-004  0.000000000000000E+000
   259.000000000000       1.117586054655693E-004  0.000000000000000E+000
   260.000000000000       1.113287646753171E-004  0.000000000000000E+000
   261.000000000000       1.109022176842239E-004  0.000000000000000E+000
   262.000000000000       1.104789267770322E-004  0.000000000000000E+000
   263.000000000000       1.100588548121005E-004  0.000000000000000E+000
   264.000000000000       1.096419652105395E-004  0.000000000000000E+000
   265.000000000000       1.092282219455941E-004  0.000000000000000E+000
   266.000000000000       1.088175895322648E-004  0.000000000000000E+000
   267.000000000000       1.084100330171627E-004  0.000000000000000E+000
   268.000000000000       1.080055179685912E-004  0.000000000000000E+000
   269.000000000000       1.076040104668492E-004  0.000000000000000E+000
   270.000000000000       1.072054770947498E-004  0.000000000000000E+000
   271.000000000000       1.068098849283485E-004  0.000000000000000E+000
   272.000000000000       1.064172015278766E-004  0.000000000000000E+000
   273.000000000000       1.060273949288734E-004  0.000000000000000E+000
   274.000000000000       1.056404336335125E-004  0.000000000000000E+000
   275.000000000000       1.052562866021180E-004  0.000000000000000E+000
   276.000000000000       1.048749232448639E-004  0.000000000000000E+000
   277.000000000000       1.044963134136550E-004  0.000000000000000E+000
   278.000000000000       1.041204273941814E-004  0.000000000000000E+000
   279.000000000000       1.037472358981449E-004  0.000000000000000E+000
   280.000000000000       1.033767100556516E-004  0.000000000000000E+000
   281.000000000000       1.030088214077667E-004  0.000000000000000E+000
   282.000000000000       1.026435418992285E-004  0.000000000000000E+000
   283.000000000000       1.022808438713160E-004  0.000000000000000E+000
   284.000000000000       1.019207000548677E-004  0.000000000000000E+000
   285.000000000000       1.015630835634472E-004  0.000000000000000E+000
   286.000000000000       1.012079678866519E-004  0.000000000000000E+000
   287.000000000000       1.008553268835625E-004  0.000000000000000E+000
   288.000000000000       1.005051347763279E-004  0.000000000000000E+000
   289.000000000000       1.001573661438839E-004  0.000000000000000E+000
   290.000000000000       9.981199591580151E-005  0.000000000000000E+000
   291.000000000000       9.946899936626268E-005  0.000000000000000E+000
   292.000000000000       9.912835210815904E-005  0.000000000000000E+000
   293.000000000000       9.879003008731207E-005  0.000000000000000E+000
   294.000000000000       9.845400957681101E-005  0.000000000000000E+000
   295.000000000000       9.812026717146589E-005  0.000000000000000E+000
   296.000000000000       9.778877978237311E-005  0.000000000000000E+000
   297.000000000000       9.745952463159070E-005  0.000000000000000E+000
   298.000000000000       9.713247924692093E-005  0.000000000000000E+000
   299.000000000000       9.680762145679745E-005  0.000000000000000E+000
   300.000000000000       9.648492938527480E-005  0.000000000000000E+000
   301.000000000000       9.616438144711773E-005  0.000000000000000E+000
   302.000000000000       9.584595634298820E-005  0.000000000000000E+000
   303.000000000000       9.552963305472752E-005  0.000000000000000E+000
   304.000000000000       9.521539084073170E-005  0.000000000000000E+000
   305.000000000000       9.490320923141783E-005  0.000000000000000E+000
   306.000000000000       9.459306802477922E-005  0.000000000000000E+000
   307.000000000000       9.428494728202748E-005  0.000000000000000E+000
   308.000000000000       9.397882732331961E-005  0.000000000000000E+000
   309.000000000000       9.367468872356776E-005  0.000000000000000E+000
   310.000000000000       9.337251230833044E-005  0.000000000000000E+000
