  0.000000000000000E+000 -0.275341056524867       3.029077342252273E-008
  7.812500000000000E-003 -0.275664110424262      -9.916079922301785E-004
  1.562500000000000E-002 -0.276792909490615      -2.774929624610620E-003
  2.343750000000000E-002 -0.277378259132894      -5.494847129122998E-003
  3.125000000000000E-002 -0.277375140294982      -7.939244588251567E-003
  3.906250000000000E-002 -0.276482328820246      -1.021139858130985E-002
  4.687500000000000E-002 -0.277202226019555      -1.094434263127158E-002
  5.468750000000000E-002 -0.277795100459502      -1.382112388479419E-002
  6.250000000000000E-002 -0.278058550626639      -1.566566430990370E-002
  7.031250000000000E-002 -0.279428898656522      -1.807838080751771E-002
  7.812500000000000E-002 -0.280747081809559      -2.414734649804950E-002
  8.593750000000000E-002 -0.272743211190544      -2.726404812715265E-002
  9.375000000000000E-002 -0.271403229768961      -2.494792874435988E-002
  0.101562500000000      -0.270938936692560      -2.196371568812186E-002
  0.109375000000000      -0.277047352537573      -1.972210170250260E-002
  0.117187500000000      -0.280771575361604      -2.471895910348242E-002
  0.125000000000000      -0.284120342277740      -3.107116585869798E-002
  0.132812500000000      -0.279737217394837      -3.248589760514840E-002
  0.140625000000000      -0.283484658447400      -3.203432814506706E-002
  0.148437500000000      -0.288495906755448      -3.688801121989604E-002
  0.156250000000000      -0.292282614522673      -4.480093953266288E-002
  0.164062500000000      -0.289897877561485      -5.360875268586753E-002
  0.171875000000000      -0.288345777942949      -6.008545630694342E-002
  0.179687500000000      -0.283789585197008      -6.697352541341867E-002
  0.187500000000000      -0.280600598119331      -7.225506172954958E-002
  0.195312500000000      -0.273509316127471      -8.182320069250038E-002
  0.203125000000000      -0.260589945397711      -7.674214759968161E-002
  0.210937500000000      -0.259628259233087      -7.129724925688295E-002
  0.218750000000000      -0.262608715287555      -7.288332640971915E-002
  0.226562500000000      -0.261812473302848      -7.701360841647950E-002
  0.234375000000000      -0.257793960868665      -8.398425375863194E-002
  0.242187500000000      -0.247361202674319      -8.480603077697962E-002
  0.250000000000000      -0.239542768044925      -8.267987103260178E-002
  0.257812500000000      -0.233771620099067      -7.758843163193910E-002
  0.265625000000000      -0.226392511319232      -7.072640320118891E-002
  0.273437500000000      -0.224858958896493      -5.890619588668330E-002
  0.281250000000000      -0.231879448368468      -4.809498324489335E-002
  0.289062500000000      -0.238878883427562      -4.610878371041759E-002
  0.296875000000000      -0.243724293634530      -4.402491262098492E-002
  0.304687500000000      -0.248726506523883      -4.137697165110112E-002
  0.312500000000000      -0.255569203059789      -4.015705505303361E-002
  0.320312500000000      -0.262255394394579      -3.976276494656920E-002
  0.328125000000000      -0.270144536962314      -3.977843745002177E-002
  0.335937500000000      -0.280274584809395      -4.377715343512872E-002
  0.343750000000000      -0.288321732526857      -5.033113486150499E-002
  0.351562500000000      -0.295830255284132      -6.045147839648941E-002
  0.359375000000000      -0.292993764477164      -7.713186116068667E-002
  0.367187500000000      -0.286213274095935      -8.027317305789577E-002
  0.375000000000000      -0.283036117888184      -8.124149817172298E-002
  0.382812500000000      -0.281391100898707      -8.051967151856765E-002
  0.390625000000000      -0.285067500075382      -7.903628780538044E-002
  0.398437500000000      -0.289688675493409      -8.155004768304649E-002
  0.406250000000000      -0.294262213344933      -8.696932066989459E-002
  0.414062500000000      -0.294935966807258      -9.815107786753632E-002
  0.421875000000000      -0.287485107089589      -9.936729029587776E-002
  0.429687500000000      -0.285895821815650      -9.835917642096875E-002
  0.437500000000000      -0.286124498346833      -9.717179752952851E-002
  0.445312500000000      -0.287543403744404      -9.458899836436326E-002
  0.453125000000000      -0.293142108397297      -9.307100679269320E-002
  0.460937500000000      -0.299700878202733      -9.304138539449780E-002
  0.468750000000000      -0.307908197302781      -9.425106371633553E-002
  0.476562500000000      -0.318602206878995      -9.796481201624736E-002
  0.484375000000000      -0.327636720769456      -0.106407980659768     
  0.492187500000000      -0.336439998310938      -0.115599649103738     
  0.500000000000000      -0.345877382020379      -0.128103035741536     
  0.507812500000000      -0.354616764704358      -0.147857518903732     
  0.515625000000000      -0.345516717785384      -0.173415756361946     
  0.523437500000000      -0.334013805149459      -0.184480151380180     
  0.531250000000000      -0.324309693564265      -0.192229720758432     
  0.539062500000000      -0.314886328710585      -0.198107337390305     
  0.546875000000000      -0.302791911144547      -0.201005107634623     
  0.554687500000000      -0.297315990104533      -0.195255045678698     
  0.562500000000000      -0.297750937231637      -0.191683988181555     
  0.570312500000000      -0.302029765670399      -0.190485649992957     
  0.578125000000000      -0.309670106578351      -0.193189660304389     
  0.585937500000000      -0.316982456781234      -0.205497866739384     
  0.593750000000000      -0.315536430103170      -0.216322407259033     
  0.601562500000000      -0.314094987646806      -0.225585220400535     
  0.609375000000000      -0.312413829911889      -0.235136105888854     
  0.617187500000000      -0.309688857057964      -0.246012570051595     
  0.625000000000000      -0.300946260300659      -0.258236189333182     
  0.632812500000000      -0.291619711331162      -0.261864478623914     
  0.640625000000000      -0.285254785697392      -0.264184837988090     
  0.648437500000000      -0.280439555081977      -0.265808459801251     
  0.656250000000000      -0.276966918370350      -0.266450126153768     
  0.664062500000000      -0.276401493793346      -0.264340017100348     
  0.671875000000000      -0.282993662334458      -0.268801013086812     
  0.679687500000000      -0.286364092752353      -0.277042512364925     
  0.687500000000000      -0.288171085113724      -0.287227717025777     
  0.695312500000000      -0.288142269262873      -0.299165802789926     
  0.703125000000000      -0.285125968026606      -0.312590792592594     
  0.710937500000000      -0.277014233816442      -0.322475959684181     
  0.718750000000000      -0.273228571315966      -0.329959468294780     
  0.726562500000000      -0.270239513908302      -0.339387412350879     
  0.734375000000000      -0.266727824274479      -0.350730358926102     
  0.742187500000000      -0.261507537198067      -0.364038806546852     
  0.750000000000000      -0.252445521852019      -0.379100744186734     
  0.757812500000000      -0.237096387751429      -0.388033350519702     
  0.765625000000000      -0.227221933350906      -0.393860562353613     
  0.773437500000000      -0.218672278567392      -0.400940781130647     
  0.781250000000000      -0.210014193501795      -0.409315117265155     
  0.789062500000000      -0.200129467979134      -0.418814037030666     
  0.796875000000000      -0.187470505963841      -0.428631794338527     
  0.804687500000000      -0.173072556387112      -0.432521297499625     
  0.812500000000000      -0.164464967177964      -0.437890762344231     
  0.820312500000000      -0.155683167846198      -0.446721478962530     
  0.828125000000000      -0.144918983663951      -0.458683196163316     
  0.835937500000000      -0.130039343537979      -0.473597537213895     
  0.843750000000000      -0.107438206598822      -0.490521808305271     
  0.851562500000000      -6.692208211523591E-002 -0.501412372201917     
  0.859375000000000      -3.577329065342384E-002 -0.487800818030002     
  0.867187500000000      -1.376954519541444E-002 -0.475029796841471     
  0.875000000000000       4.339646958303638E-003 -0.462615166690294     
  0.882812500000000       2.003454390697563E-002 -0.450192309478692     
  0.890625000000000       3.389326776071744E-002 -0.437286416968655     
  0.898437500000000       4.588668162067176E-002 -0.423093387483357     
  0.906250000000000       5.210968480026465E-002 -0.406503595583030     
  0.914062500000000       5.431159127637428E-002 -0.396100777123412     
  0.921875000000000       5.691250137539364E-002 -0.388590782470258     
  0.929687500000000       5.990682433893670E-002 -0.382962518938256     
  0.937500000000000       6.338269609290052E-002 -0.378818653958289     
  0.945312500000000       6.742608973996755E-002 -0.375983263226027     
  0.953125000000000       7.204098328307461E-002 -0.374581294202742     
  0.960937500000000       7.885318930109245E-002 -0.376893166616266     
  0.968750000000000       9.125330994894833E-002 -0.376684165101829     
  0.976562500000000       0.104723609086323      -0.373852707214344     
  0.984375000000000       0.119024325953216      -0.368804662140922     
  0.992187500000000       0.133942460708932      -0.361320654453966     
   1.00000000000000       0.149169325408392      -0.350878707539603     
   1.00781250000000       0.164173294450759      -0.336504396232566     
   1.01562500000000       0.177734796295150      -0.315105229975858     
   1.02343750000000       0.175746163179398      -0.292409880618307     
   1.03125000000000       0.173075940005954      -0.278007666664482     
   1.03906250000000       0.170701358416955      -0.266348564718843     
   1.04687500000000       0.168548816244981      -0.256340263184002     
   1.05468750000000       0.166532943828139      -0.247477263027058     
   1.06250000000000       0.164533186605451      -0.239493779368358     
   1.07031250000000       0.162331855656921      -0.232305983576070     
   1.07812500000000       0.159308463980882      -0.226800717800377     
   1.08593750000000       0.158593662616197      -0.223094498155950     
   1.09375000000000       0.158898442805997      -0.219092720197217     
   1.10156250000000       0.159902199624236      -0.214941563664867     
   1.10937500000000       0.161509375594660      -0.210546612225529     
   1.11718750000000       0.163644319394813      -0.205744207469398     
   1.12500000000000       0.166199529015659      -0.200308689901532     
   1.13281250000000       0.168981202451710      -0.193914142852363     
   1.14062500000000       0.171510710762560      -0.185729596283729     
   1.14843750000000       0.170755063010515      -0.177767882966626     
   1.15625000000000       0.170321033619129      -0.171202603437366     
   1.16406250000000       0.170045534070289      -0.164911664298861     
   1.17187500000000       0.169813182270111      -0.158663351473817     
   1.17968750000000       0.169520747937013      -0.152342431934395     
   1.18750000000000       0.169056755445800      -0.145879038519900     
   1.19531250000000       0.168282651779548      -0.139222619309521     
   1.20312500000000       0.166972581116385      -0.132301841368951     
   1.21093750000000       0.163987979443770      -0.125457953513314     
   1.21875000000000       0.161008631472752      -0.120568145437227     
   1.22656250000000       0.158543694057170      -0.116092539762517     
   1.23437500000000       0.156340793666067      -0.111824921251612     
   1.24218750000000       0.154296460328380      -0.107692997905733     
   1.25000000000000       0.152349624954343      -0.103663916243475     
   1.25781250000000       0.150459558512754      -9.972580270496720E-002
   1.26562500000000       0.148600985268564      -9.588557227840624E-002
   1.27343750000000       0.146776146450033      -9.218479522909756E-002
   1.28125000000000       0.145281354469862      -8.863001759182333E-002
   1.28906250000000       0.143796169505892      -8.466711058243259E-002
   1.29687500000000       0.142114482391609      -8.061463932846508E-002
   1.30468750000000       0.140231102744110      -7.652375461542966E-002
   1.31250000000000       0.138113264619294      -7.243476451121703E-002
   1.32031250000000       0.135721960777906      -6.839535313988993E-002
   1.32812500000000       0.133014276614939      -6.446777434495607E-002
   1.33593750000000       0.129939604376938      -6.073847789703353E-002
   1.34375000000000       0.126419226027009      -5.734399916247957E-002
   1.35156250000000       0.122171657986788      -5.464459631272137E-002
   1.35937500000000       0.118875434204842      -5.393470568957337E-002
   1.36718750000000       0.116648661440432      -5.272351171531418E-002
   1.37500000000000       0.114749091646812      -5.127940756713371E-002
   1.38281250000000       0.113049351825323      -4.966424388409293E-002
   1.39062500000000       0.111481629030045      -4.789558878389240E-002
   1.39843750000000       0.109996712054557      -4.597438668301466E-002
   1.40625000000000       0.108550721584753      -4.389151642409080E-002
   1.41406250000000       0.107097312352260      -4.162658514130509E-002
   1.42187500000000       0.105576160522899      -3.913300406426570E-002
   1.42968750000000       0.103835628053477      -3.618828313915035E-002
   1.43750000000000       0.101038753277225      -3.364290203323354E-002
   1.44531250000000       9.844483118318385E-002 -3.160831758705267E-002
   1.45312500000000       9.592159064195670E-002 -2.975501503942717E-002
   1.46093750000000       9.343104692360409E-002 -2.802961606281039E-002
   1.46875000000000       9.095201115268926E-002 -2.641357416733273E-002
   1.47656250000000       8.846985963883061E-002 -2.490272645254889E-002
   1.48437500000000       8.597338521588117E-002 -2.350204397516667E-002
   1.49218750000000       8.345312904863257E-002 -2.222530470765294E-002
   1.50000000000000       8.089910719339909E-002 -2.110004893215152E-002
   1.50781250000000       7.829114376619450E-002 -2.019453848889043E-002
   1.51562500000000       7.589191790818746E-002 -1.981097346679282E-002
   1.52343750000000       7.396533521682663E-002 -1.927993164448438E-002
   1.53125000000000       7.212434065939922E-002 -1.862593636832119E-002
   1.53906250000000       7.032075510917976E-002 -1.790404852057351E-002
   1.54687500000000       6.852916407648151E-002 -1.713756595857272E-002
   1.55468750000000       6.673067288874605E-002 -1.634029331063497E-002
   1.56250000000000       6.490797699496055E-002 -1.552183774402789E-002
   1.57031250000000       6.304210998505040E-002 -1.468948983207566E-002
   1.57812500000000       6.110795869548612E-002 -1.384882210842105E-002
   1.58593750000000       5.906325302930050E-002 -1.300305837968918E-002
   1.59375000000000       5.679798785415349E-002 -1.214701697169285E-002
   1.60156250000000       5.400268043183078E-002 -1.183794477869600E-002
   1.60937500000000       5.175172841233359E-002 -1.204665920351541E-002
   1.61718750000000       4.977137063691067E-002 -1.230059441056465E-002
   1.62500000000000       4.796983133247600E-002 -1.258577779260632E-002
   1.63281250000000       4.631205334198269E-002 -1.289706361022116E-002
   1.64062500000000       4.478139661809374E-002 -1.323195148663033E-002
   1.64843750000000       4.337077288846432E-002 -1.358912962371543E-002
   1.65625000000000       4.208022203814014E-002 -1.396799589871557E-002
   1.66406250000000       4.091762349899703E-002 -1.436855278587258E-002
   1.67187500000000       3.990368855795194E-002 -1.479162662409880E-002
   1.67968750000000       3.909157311750496E-002 -1.523995425936398E-002
   1.68750000000000       3.879448313649279E-002 -1.565402236884763E-002
   1.69531250000000       3.840724393657437E-002 -1.522305606588746E-002
   1.70312500000000       3.770320917247348E-002 -1.478647157791206E-002
   1.71093750000000       3.686942222075914E-002 -1.436074376912054E-002
   1.71875000000000       3.595400391781889E-002 -1.395267576508457E-002
   1.72656250000000       3.498006981216110E-002 -1.356715320525658E-002
   1.73437500000000       3.396134675940619E-002 -1.320848090287582E-002
   1.74218750000000       3.290708160955358E-002 -1.288100168946624E-002
   1.75000000000000       3.182411208393394E-002 -1.258966023488682E-002
   1.75781250000000       3.071792416749269E-002 -1.234088721867675E-002
   1.76562500000000       2.959331939987028E-002 -1.214459277895479E-002
   1.77343750000000       2.845506526330335E-002 -1.202064423303769E-002
   1.78125000000000       2.731222133886444E-002 -1.206388792216067E-002
   1.78906250000000       2.649953843875871E-002 -1.210482605347456E-002
   1.79687500000000       2.568117734424175E-002 -1.200127644759101E-002
   1.80468750000000       2.485193091202385E-002 -1.183866881705252E-002
   1.81250000000000       2.400764153405926E-002 -1.163492118065819E-002
   1.82031250000000       2.314403102904834E-002 -1.139796004121615E-002
   1.82812500000000       2.225619424471072E-002 -1.113192764472532E-002
   1.83593750000000       2.133811946405681E-002 -1.083902729362977E-002
   1.84375000000000       2.038199810345254E-002 -1.052021393145252E-002
   1.85156250000000       1.937698714473945E-002 -1.017539626787260E-002
   1.85937500000000       1.830657151455336E-002 -9.803236065249929E-003
   1.86718750000000       1.714154793435733E-002 -9.400111952218156E-003
   1.87500000000000       1.581185737309174E-002 -8.955174365021561E-003
   1.88281250000000       1.394522596652882E-002 -8.727662271940830E-003
   1.89062500000000       1.248165779833524E-002 -9.132603889240306E-003
   1.89843750000000       1.127455084723300E-002 -9.466345380320436E-003
   1.90625000000000       1.017110053812985E-002 -9.738712179095218E-003
   1.91406250000000       9.118312226895558E-003 -9.959810357060268E-003
   1.92187500000000       8.087496270525425E-003 -1.013666927901568E-002
   1.92968750000000       7.058980058177063E-003 -1.027407955069567E-002
   1.93750000000000       6.016515991793060E-003 -1.037520463887891E-002
   1.94531250000000       4.944253153807867E-003 -1.044190376432941E-002
   1.95312500000000       3.824127348736389E-003 -1.047483355139860E-002
   1.96093750000000       2.632148479276211E-003 -1.047333980358842E-002
   1.96875000000000       1.330433650688004E-003 -1.043507889565607E-002
   1.97656250000000      -1.584142908011300E-004 -1.035533910077861E-002
   1.98437500000000      -2.213095024269867E-003 -1.025800306775433E-002
   1.99218750000000      -4.160576236066611E-003 -1.128052707071603E-002
   2.00000000000000      -5.676096305075474E-003 -1.223441773615921E-002
   2.00781250000000      -7.050029055553027E-003 -1.316883719547350E-002
   2.01562500000000      -8.345535570030227E-003 -1.409481770064050E-002
   2.02343750000000      -9.594758338573726E-003 -1.501656067571141E-002
   2.03125000000000      -1.082064382470149E-002 -1.593410808059616E-002
   2.03906250000000      -1.204546913580483E-002 -1.684314830824052E-002
   2.04687500000000      -1.329824728863139E-002 -1.773389491983410E-002
   2.05468750000000      -1.462602028465462E-002 -1.859037304223597E-002
   2.06250000000000      -1.611469801119815E-002 -1.939381391796105E-002
   2.07031250000000      -1.792794669938969E-002 -2.014055262263350E-002
   2.07812500000000      -2.038089847796666E-002 -2.089996221728696E-002
   2.08593750000000      -2.413461420775824E-002 -2.200117592489019E-002
   2.09375000000000      -3.139603754306003E-002 -2.629507571314511E-002
   2.10156250000000      -3.175667802833650E-002 -3.614564350273984E-002
   2.10937500000000      -2.864676649767784E-002 -4.328840963593816E-002
   2.11718750000000      -2.399253777559089E-002 -4.794493619693255E-002
   2.12500000000000      -1.913116854360631E-002 -5.035471846659725E-002
   2.13281250000000      -1.484108034396796E-002 -5.114856544557899E-002
   2.14062500000000      -1.139577269693073E-002 -5.097781219420242E-002
   2.14843750000000      -8.777623418869635E-003 -5.032918404069670E-002
   2.15625000000000      -6.855033806205203E-003 -4.951015118958542E-002
   2.16406250000000      -5.477048143559829E-003 -4.869638953730872E-002
   2.17187500000000      -4.510556545147017E-003 -4.798201830411002E-002
   2.17968750000000      -3.849268356991223E-003 -4.741632245011206E-002
   2.18750000000000      -3.411652503232956E-003 -4.702829595538049E-002
   2.19531250000000      -3.135571831432902E-003 -4.684602606632002E-002
   2.20312500000000      -2.971928275264727E-003 -4.693009289714715E-002
   2.21093750000000      -2.597518704219658E-003 -4.753897911241930E-002
   2.21875000000000      -1.766413463619125E-003 -4.785697234987499E-002
   2.22656250000000      -9.674990731545639E-004 -4.801832789060568E-002
   2.23437500000000      -1.943982554345841E-004 -4.810741149101540E-002
   2.24218750000000       5.583596304204914E-004 -4.815016168519086E-002
   2.25000000000000       1.295914499955952E-003 -4.815814758409167E-002
   2.25781250000000       2.023216542805527E-003 -4.813696408663271E-002
   2.26562500000000       2.745111448493863E-003 -4.808891111804930E-002
   2.27343750000000       3.466397222220214E-003 -4.801398551204970E-002
   2.28125000000000       4.191849057137776E-003 -4.791017811794368E-002
   2.28906250000000       4.926201284179084E-003 -4.777336871351153E-002
   2.29687500000000       5.674069761044837E-003 -4.759685326480451E-002
   2.30468750000000       6.439792845533131E-003 -4.737031644350635E-002
   2.31250000000000       7.227176480478244E-003 -4.707752615990216E-002
   2.32031250000000       8.039268856700980E-003 -4.668952418547209E-002
   2.32812500000000       8.881959660542522E-003 -4.611570041126934E-002
   2.33593750000000       9.391284273784698E-003 -4.538411380329084E-002
   2.34375000000000       9.832147460311148E-003 -4.478325681747573E-002
   2.35156250000000       1.024766055763478E-002 -4.420753402420086E-002
   2.35937500000000       1.064295798855497E-002 -4.363526930911431E-002
   2.36718750000000       1.101992326679095E-002 -4.305508293245080E-002
   2.37500000000000       1.137889282103701E-002 -4.245905470258591E-002
   2.38281250000000       1.171915689945459E-002 -4.184066232032064E-002
   2.39062500000000       1.203911235476923E-002 -4.119386431725927E-002
   2.39843750000000       1.233625115768479E-002 -4.051253346754535E-002
   2.40625000000000       1.260702106751445E-002 -3.978995732274472E-002
   2.41406250000000       1.284652694045784E-002 -3.901822389485629E-002
   2.42187500000000       1.304795915916528E-002 -3.818725290509783E-002
   2.42968750000000       1.320144651089120E-002 -3.728295744712901E-002
   2.43750000000000       1.329142531108880E-002 -3.628304553784845E-002
   2.44531250000000       1.328888160181799E-002 -3.514445525239734E-002
   2.45312500000000       1.310859995318182E-002 -3.373231753674761E-002
   2.46093750000000       1.200652363611942E-002 -3.239033468112330E-002
   2.46875000000000       1.095063348111358E-002 -3.171347590722095E-002
   2.47656250000000       9.982185174177014E-003 -3.124585845373801E-002
   2.48437500000000       9.069783704675682E-003 -3.091963857708843E-002
   2.49218750000000       8.201742599394862E-003 -3.070537263793147E-002
   2.50000000000000       7.372893230464713E-003 -3.058668701982888E-002
   2.53125000000000       4.433643246350401E-003 -3.090901764312128E-002
   2.56250000000000       2.229902811473374E-003 -3.236966265843585E-002
   2.59375000000000       1.983096114786879E-003 -3.491903117924563E-002
   2.62500000000000       2.776868237490238E-003 -3.534026614088862E-002
   2.65625000000000       3.012388914066030E-003 -3.536479163240144E-002
   2.68750000000000       2.940478084314704E-003 -3.528899954621469E-002
   2.71875000000000       2.481107862194613E-003 -3.529301230739965E-002
   2.75000000000000       2.083566421668540E-003 -3.624231896769434E-002
   2.78125000000000       2.527431473562032E-003 -3.705946082447121E-002
   2.81250000000000       3.358662123968614E-003 -3.752084875902312E-002
   2.84375000000000       4.431431684650375E-003 -3.743068565096117E-002
   2.87500000000000       5.295738535017174E-003 -3.617793282730888E-002
   2.90625000000000       4.563680238461771E-003 -3.549917901673144E-002
   2.93750000000000       4.070642610764631E-003 -3.537890008379838E-002
   2.96875000000000       3.665250734916314E-003 -3.546484441533856E-002
   3.00000000000000       3.298903004259213E-003 -3.572645217567370E-002
   3.03125000000000       3.002259401303954E-003 -3.637458143598657E-002
   3.06250000000000       3.305862000329980E-003 -3.698627035610442E-002
   3.09375000000000       3.695063593942290E-003 -3.740277914412224E-002
   3.12500000000000       4.147817581037442E-003 -3.771839769276939E-002
   3.15625000000000       4.661791854813399E-003 -3.794951353320149E-002
   3.18750000000000       5.275562138844026E-003 -3.807090534116078E-002
   3.21875000000000       5.754119233766396E-003 -3.794956057130543E-002
   3.25000000000000       6.140446911257730E-003 -3.788279079167713E-002
   3.28125000000000       6.497803664973085E-003 -3.782839007945678E-002
   3.31250000000000       6.830249612802892E-003 -3.778497730885686E-002
   3.34375000000000       7.125756490289046E-003 -3.776828994913593E-002
   3.37500000000000       7.439702438478937E-003 -3.791020343033373E-002
   3.40625000000000       7.933051615700017E-003 -3.801497570002548E-002
   3.43750000000000       8.481190909511089E-003 -3.805359128157620E-002
   3.46875000000000       9.071756523901568E-003 -3.803504743704660E-002
   3.50000000000000       9.707677725949751E-003 -3.795434655357410E-002
   3.53125000000000       1.042490582455320E-002 -3.777666808963198E-002
   3.56250000000000       1.100734956420417E-002 -3.731483185042637E-002
   3.59375000000000       1.141773766414393E-002 -3.693862865146769E-002
   3.62500000000000       1.177786476053318E-002 -3.660886727925369E-002
   3.65625000000000       1.210361997007376E-002 -3.632256952933734E-002
   3.68750000000000       1.240369126673984E-002 -3.609852835606982E-002
   3.71875000000000       1.269512541431750E-002 -3.602721758380593E-002
   3.75000000000000       1.341777652755280E-002 -3.598132310625226E-002
   3.78125000000000       1.412698664801890E-002 -3.560778150508209E-002
   3.81250000000000       1.476580599787051E-002 -3.507943525486572E-002
   3.84375000000000       1.531139538873686E-002 -3.441783745007936E-002
   3.87500000000000       1.572051150032645E-002 -3.362032812385334E-002
   3.90625000000000       1.588010069256110E-002 -3.264831526766549E-002
   3.93750000000000       1.530562270739020E-002 -3.197768444866906E-002
   3.96875000000000       1.506674320377295E-002 -3.189884270866713E-002
   4.00000000000000       1.504082927924965E-002 -3.188239386211994E-002
   4.03125000000000       1.515194298777890E-002 -3.188367456079919E-002
   4.06250000000000       1.537499099399193E-002 -3.187953862355105E-002
   4.09375000000000       1.570710371294129E-002 -3.184725480221481E-002
   4.12500000000000       1.621107937954621E-002 -3.171311182782206E-002
   4.15625000000000       1.651460699764792E-002 -3.132140616488617E-002
   4.18750000000000       1.673425114721729E-002 -3.104106148768650E-002
   4.21875000000000       1.694145273070256E-002 -3.081553064343430E-002
   4.25000000000000       1.715322095574638E-002 -3.063740102025914E-002
   4.28125000000000       1.738163473654300E-002 -3.051131906740656E-002
   4.31250000000000       1.764417964019228E-002 -3.045844958082950E-002
   4.34375000000000       1.805742104653047E-002 -3.059248315239140E-002
   4.37500000000000       1.879564467716350E-002 -3.043637416421554E-002
   4.40625000000000       1.945228548030172E-002 -3.011657441594951E-002
   4.43750000000000       2.006691710922203E-002 -2.971175625590204E-002
   4.46875000000000       2.064816442738443E-002 -2.924166492007047E-002
   4.50000000000000       2.119974408001682E-002 -2.871448744762870E-002
   4.53125000000000       2.172498111541126E-002 -2.813210369155332E-002
   4.56250000000000       2.223491993928814E-002 -2.748301711936431E-002
   4.59375000000000       2.264229578527634E-002 -2.671248320793854E-002
   4.62500000000000       2.295076708247129E-002 -2.596086603381244E-002
   4.65625000000000       2.320393035931654E-002 -2.520409613989122E-002
   4.68750000000000       2.340279446381679E-002 -2.443508647691983E-002
   4.71875000000000       2.354281221420938E-002 -2.364985429503630E-002
   4.75000000000000       2.361317983812066E-002 -2.284390822486767E-002
   4.78125000000000       2.358774014191274E-002 -2.200776910868878E-002
   4.81250000000000       2.329895973527287E-002 -2.116101970927988E-002
   4.84375000000000       2.298833789945301E-002 -2.067484202736008E-002
   4.87500000000000       2.278005537075713E-002 -2.023872775351592E-002
   4.90625000000000       2.261154298725643E-002 -1.982543434451056E-002
   4.93750000000000       2.246220993781685E-002 -1.942649647471212E-002
   4.96875000000000       2.231940342000195E-002 -1.903755277902767E-002
   5.00000000000000       2.217118647784279E-002 -1.865576251158503E-002
   5.03125000000000       2.199864661513471E-002 -1.827861372441877E-002
   5.06250000000000       2.171338372514040E-002 -1.794265378106717E-002
   5.09375000000000       2.150574397966723E-002 -1.780541969029392E-002
   5.12500000000000       2.138797489224884E-002 -1.767844545607952E-002
   5.15625000000000       2.132322662037209E-002 -1.755923394105802E-002
   5.18750000000000       2.130238769461742E-002 -1.744722079089692E-002
   5.21875000000000       2.132378422325044E-002 -1.734256719256199E-002
   5.25000000000000       2.139126478160793E-002 -1.724624280732764E-002
   5.28125000000000       2.151777227652488E-002 -1.716089078288172E-002
   5.31250000000000       2.175203446223699E-002 -1.709630720946900E-002
   5.34375000000000       2.216341519745376E-002 -1.679583247262577E-002
   5.37500000000000       2.240533417970938E-002 -1.637969198986464E-002
   5.40625000000000       2.258219820698024E-002 -1.594873000886947E-002
   5.43750000000000       2.271584935583302E-002 -1.550790940034610E-002
   5.46875000000000       2.281391231767112E-002 -1.505917270005620E-002
   5.50000000000000       2.287824461207765E-002 -1.460325079633774E-002
   5.53125000000000       2.290598347875546E-002 -1.413991553566593E-002
   5.56250000000000       2.288595941438869E-002 -1.366728035256901E-002
   5.59375000000000       2.276372860739990E-002 -1.317459030803934E-002
   5.62500000000000       2.255506840709460E-002 -1.292029761938120E-002
   5.65625000000000       2.247653955348667E-002 -1.270895807328100E-002
   5.68750000000000       2.244982766720004E-002 -1.250819292990764E-002
   5.71875000000000       2.246263333453414E-002 -1.231500197764133E-002
   5.75000000000000       2.251240653926317E-002 -1.212841275632231E-002
   5.78125000000000       2.260190294770360E-002 -1.194843876709858E-002
   5.81250000000000       2.273977670066554E-002 -1.177603949579273E-002
   5.84375000000000       2.294629065144815E-002 -1.161388744367167E-002
   5.87500000000000       2.328540719082760E-002 -1.147098864074501E-002
   5.90625000000000       2.389296212280650E-002 -1.101508896921251E-002
   5.93750000000000       2.422771784763348E-002 -1.034338771407549E-002
   5.96875000000000       2.444313073390762E-002 -9.652730172306792E-003
   6.00000000000000       2.457863764412708E-002 -8.950452376357812E-003
   6.03125000000000       2.464945218292260E-002 -8.240027923676313E-003
   6.06250000000000       2.466274058193911E-002 -7.523650726481118E-003
   6.09375000000000       2.462146467576980E-002 -6.802900050502440E-003
   6.12500000000000       2.452518419018720E-002 -6.078949748939110E-003
   6.15625000000000       2.436830162096702E-002 -5.352466144953424E-003
   6.18750000000000       2.412149557809360E-002 -4.621478312812553E-003
   6.21875000000000       2.380321721372239E-002 -4.027338286216316E-003
   6.25000000000000       2.352747801979174E-002 -3.453523908056458E-003
   6.28125000000000       2.324611799588069E-002 -2.883189395498840E-003
   6.31250000000000       2.294844602053654E-002 -2.314824840999851E-003
   6.34375000000000       2.262784043887469E-002 -1.747676128084086E-003
   6.37500000000000       2.227821259258067E-002 -1.181241434593379E-003
   6.40625000000000       2.189227451822854E-002 -6.150918513330825E-004
   6.43750000000000       2.145930266330928E-002 -4.873926857253914E-005
   6.46875000000000       2.095946515880445E-002  5.186034969892844E-004
   6.50000000000000       2.033446216488898E-002  1.089175962946490E-003
   6.53125000000000       1.951793580358971E-002  1.364799542292230E-003
   6.56250000000000       1.892664054404048E-002  1.508112597737659E-003
   6.59375000000000       1.841150023393326E-002  1.647513967451442E-003
   6.62500000000000       1.793868813750198E-002  1.784505041015932E-003
   6.65625000000000       1.749312407956494E-002  1.919814149061280E-003
   6.68750000000000       1.706561223157479E-002  2.053931214621716E-003
   6.71875000000000       1.664928649987970E-002  2.187266390876761E-003
   6.75000000000000       1.623791158548700E-002  2.320242140206847E-003
   6.78125000000000       1.582430088610011E-002  2.453408800673227E-003
   6.81250000000000       1.539682447641899E-002  2.587749997138337E-003
   6.84375000000000       1.491209937689521E-002  2.727190269147998E-003
   6.87500000000000       1.441142029769405E-002  2.700353197408053E-003
   6.90625000000000       1.400120664448515E-002  2.660654357056706E-003
   6.93750000000000       1.362983510645354E-002  2.616977538588119E-003
   6.96875000000000       1.328669558533463E-002  2.570363297128419E-003
   7.00000000000000       1.296670411013838E-002  2.521320922000116E-003
   7.03125000000000       1.266694539183531E-002  2.470148893475011E-003
   7.06250000000000       1.238571085771921E-002  2.417026940906923E-003
   7.09375000000000       1.212220633273343E-002  2.362042598460250E-003
   7.12500000000000       1.187665262365219E-002  2.305176496571366E-003
   7.15625000000000       1.165109055419868E-002  2.246206982337853E-003
   7.18750000000000       1.145420366440168E-002  2.184134258585211E-003
   7.21875000000000       1.130084553948952E-002  2.168552943685571E-003
   7.25000000000000       1.111650886145957E-002  2.178721047875849E-003
   7.28125000000000       1.092364225651569E-002  2.190371892178180E-003
   7.31250000000000       1.072704777320786E-002  2.202863952251107E-003
   7.34375000000000       1.052828605857796E-002  2.215964264899940E-003
   7.37500000000000       1.032781673108676E-002  2.229579268554399E-003
   7.40625000000000       1.012551430662135E-002  2.243688499639606E-003
   7.43750000000000       9.920798886235869E-003  2.258325804884483E-003
   7.46875000000000       9.712571528788102E-003  2.273583169665102E-003
   7.50000000000000       9.498887535669985E-003  2.289642166026546E-003
   7.53125000000000       9.275822232814318E-003  2.306887263989593E-003
   7.56250000000000       9.029833901140582E-003  2.326675018942440E-003
   7.59375000000000       8.760580003938473E-003  2.286107620821898E-003
   7.62500000000000       8.529072048045287E-003  2.232303838774246E-003
   7.65625000000000       8.310407393806091E-003  2.177157302329273E-003
   7.68750000000000       8.099039135644383E-003  2.121257683084434E-003
   7.71875000000000       7.891640207683525E-003  2.064958159286686E-003
   7.75000000000000       7.685245484405588E-003  2.008569327881992E-003
   7.78125000000000       7.476402435701534E-003  1.952447809210709E-003
   7.81250000000000       7.260215619560030E-003  1.897095391280290E-003
   7.84375000000000       7.028494470651849E-003  1.843351765295959E-003
   7.87500000000000       6.764871258111852E-003  1.792906955047556E-003
   7.90625000000000       6.427004423377018E-003  1.750191682470995E-003
   7.93750000000000       5.821830027101724E-003  1.735860576307458E-003
   7.96875000000000       5.594851921476168E-003 -7.056211363430306E-007
   8.00000000000000       6.177373688879991E-003 -4.308230289815768E-007
   8.03125000000000       6.389652595015330E-003 -3.295174717204790E-007
   8.06250000000000       6.498436635127809E-003 -2.719815965776119E-007
   8.09375000000000       6.557742210623663E-003 -2.338295999631710E-007
   8.12500000000000       6.588182533355613E-003 -2.063155738244888E-007
   8.15625000000000       6.599882411313694E-003 -1.853795330344617E-007
   8.18750000000000       6.598579408784948E-003 -1.688376019159563E-007
   8.21875000000000       6.587842033971426E-003 -1.553955157625848E-007
   8.25000000000000       6.570040116286568E-003 -1.442312307073964E-007
   8.28125000000000       6.546825878391686E-003 -1.347947406842755E-007
   8.31250000000000       6.519395184618065E-003 -1.267026856789633E-007
   8.34375000000000       6.488639620125937E-003 -1.196789644294417E-007
   8.37500000000000       6.455240032656833E-003 -1.135192285276970E-007
   8.40625000000000       6.419726683307541E-003 -1.080687696808268E-007
   8.43750000000000       6.382519391068515E-003 -1.032081567325281E-007
   8.46875000000000       6.343955160829703E-003 -9.884363980152972E-008
   8.50000000000000       6.304307719164827E-003 -9.490052803128425E-008
   8.53125000000000       6.263801639163632E-003 -9.131854873377387E-008
   8.56250000000000       6.222622763262497E-003 -8.804851060030479E-008
   8.59375000000000       6.180926029662305E-003 -8.504985160543175E-008
   8.62500000000000       6.138841447454879E-003 -8.228878625059959E-008
   8.65625000000000       6.096478703573557E-003 -7.973699023427913E-008
   8.68750000000000       6.053930784291979E-003 -7.737048544749584E-008
   8.71875000000000       6.011276835638368E-003 -7.516886011048682E-008
   8.75000000000000       5.968584450882844E-003 -7.311461654867138E-008
   8.78125000000000       5.925911519124031E-003 -7.119267321576751E-008
   8.81250000000000       5.883307729840648E-003 -6.938995234978448E-008
   8.84375000000000       5.840815810445879E-003 -6.769506055631565E-008
   8.87500000000000       5.798472537342059E-003 -6.609802787225995E-008
   8.90625000000000       5.756309593213266E-003 -6.459008308199100E-008
   8.93750000000000       5.714354269736752E-003 -6.316349202913519E-008
   8.96875000000000       5.672630068169610E-003 -6.181138621172308E-008
   9.00000000000000       5.631157201952852E-003 -6.052766648431468E-008
   9.03125000000000       5.589953024291318E-003 -5.930689755332378E-008
   9.06250000000000       5.549032398154173E-003 -5.814419889393311E-008
   9.09375000000000       5.508408005881436E-003 -5.703519335822010E-008
   9.12500000000000       5.468090618291116E-003 -5.597593627674422E-008
   9.15625000000000       5.428089331704274E-003 -5.496287662001278E-008
   9.18750000000000       5.388411766028601E-003 -5.399278785608944E-008
   9.21875000000000       5.349064240212041E-003 -5.306274610863677E-008
   9.25000000000000       5.310051929033471E-003 -5.217009096976361E-008
   9.28125000000000       5.271378991385676E-003 -5.131239406325102E-008
   9.31250000000000       5.233048688405766E-003 -5.048744298656951E-008
   9.34375000000000       5.195063490877834E-003 -4.969320657644981E-008
   9.37500000000000       5.157425161647954E-003 -4.892782601315993E-008
   9.40625000000000       5.120134845541796E-003 -4.818959677249635E-008
   9.43750000000000       5.083193129490383E-003 -4.747693354780505E-008
   9.46875000000000       5.046600112906501E-003 -4.678838830239493E-008
   9.50000000000000       5.010355459322568E-003 -4.612262598525230E-008
   9.53125000000000       4.974458447298053E-003 -4.547840574947438E-008
   9.56250000000000       4.938908015428901E-003 -4.485456551226141E-008
   9.59375000000000       4.903702795408327E-003 -4.425005053500084E-008
   9.62500000000000       4.868841155262083E-003 -4.366386473155133E-008
   9.65625000000000       4.834321225606924E-003 -4.309509360991322E-008
   9.68750000000000       4.800140929743212E-003 -4.254286665094850E-008
   9.71875000000000       4.766298004958168E-003 -4.200639366735818E-008
   9.75000000000000       4.732790031190839E-003 -4.148491238289346E-008
   9.78125000000000       4.699614444583636E-003 -4.097774189502218E-008
   9.81250000000000       4.666768562695850E-003 -4.048420734467027E-008
   9.84375000000000       4.634249592178135E-003 -4.000370204465189E-008
   9.87500000000000       4.602054649266718E-003 -3.953565497818854E-008
   9.90625000000000       4.570180774891189E-003 -3.907951546747038E-008
   9.93750000000000       4.538624940941029E-003 -3.863477753019031E-008
   9.96875000000000       4.507384061267243E-003 -3.820096428051064E-008
   10.0000000000000       4.476455006168234E-003 -3.777762625425539E-008
   11.0000000000000       4.069504551062031E-003  0.000000000000000E+000
   12.0000000000000       3.730379171806862E-003  0.000000000000000E+000
   13.0000000000000       3.443426927821719E-003  0.000000000000000E+000
   14.0000000000000       3.197467861548738E-003  0.000000000000000E+000
   15.0000000000000       2.984303337445489E-003  0.000000000000000E+000
   16.0000000000000       2.797784378855146E-003  0.000000000000000E+000
   17.0000000000000       2.633208827157785E-003  0.000000000000000E+000
   18.0000000000000       2.486919447871241E-003  0.000000000000000E+000
   19.0000000000000       2.356028950614860E-003  0.000000000000000E+000
   20.0000000000000       2.238227503084117E-003  0.000000000000000E+000
   21.0000000000000       2.131645241032492E-003  0.000000000000000E+000
   22.0000000000000       2.034752275531015E-003  0.000000000000000E+000
   23.0000000000000       1.946284785290537E-003  0.000000000000000E+000
   24.0000000000000       1.865189585903431E-003  0.000000000000000E+000
   25.0000000000000       1.790582002467293E-003  0.000000000000000E+000
   26.0000000000000       1.721713463910859E-003  0.000000000000000E+000
   27.0000000000000       1.657946298580827E-003  0.000000000000000E+000
   28.0000000000000       1.598733930774369E-003  0.000000000000000E+000
   29.0000000000000       1.543605174540770E-003  0.000000000000000E+000
   30.0000000000000       1.492151668722745E-003  0.000000000000000E+000
   31.0000000000000       1.444017743925237E-003  0.000000000000000E+000
   32.0000000000000       1.398892189427573E-003  0.000000000000000E+000
   33.0000000000000       1.356501517020677E-003  0.000000000000000E+000
   34.0000000000000       1.316604413578892E-003  0.000000000000000E+000
   35.0000000000000       1.278987144619496E-003  0.000000000000000E+000
   36.0000000000000       1.243459723935621E-003  0.000000000000000E+000
   37.0000000000000       1.209852704369793E-003  0.000000000000000E+000
   38.0000000000000       1.178014475307430E-003  0.000000000000000E+000
   39.0000000000000       1.147808975940573E-003  0.000000000000000E+000
   40.0000000000000       1.119113751542059E-003  0.000000000000000E+000
   41.0000000000000       1.091818294187374E-003  0.000000000000000E+000
   42.0000000000000       1.065822620516246E-003  0.000000000000000E+000
   43.0000000000000       1.041036047946101E-003  0.000000000000000E+000
   44.0000000000000       1.017376137765508E-003  0.000000000000000E+000
   45.0000000000000       9.947677791484965E-004  0.000000000000000E+000
   46.0000000000000       9.731423926452683E-004  0.000000000000000E+000
   47.0000000000000       9.524372353549434E-004  0.000000000000000E+000
   48.0000000000000       9.325947929517154E-004  0.000000000000000E+000
   49.0000000000000       9.135622461567825E-004  0.000000000000000E+000
   50.0000000000000       8.952910012336467E-004  0.000000000000000E+000
   51.0000000000000       8.777362757192616E-004  0.000000000000000E+000
   52.0000000000000       8.608567319554297E-004  0.000000000000000E+000
   53.0000000000000       8.446141521072139E-004  0.000000000000000E+000
   54.0000000000000       8.289731492904137E-004  0.000000000000000E+000
   55.0000000000000       8.139009102124062E-004  0.000000000000000E+000
   56.0000000000000       7.993669653871846E-004  0.000000000000000E+000
   57.0000000000000       7.853429835382867E-004  0.000000000000000E+000
   58.0000000000000       7.718025872703851E-004  0.000000000000000E+000
   59.0000000000000       7.587211874861414E-004  0.000000000000000E+000
   60.0000000000000       7.460758343613723E-004  0.000000000000000E+000
   61.0000000000000       7.338450829783990E-004  0.000000000000000E+000
   62.0000000000000       7.220088719626184E-004  0.000000000000000E+000
   63.0000000000000       7.105484136774975E-004  0.000000000000000E+000
   64.0000000000000       6.994460947137866E-004  0.000000000000000E+000
   65.0000000000000       6.886853855643437E-004  0.000000000000000E+000
   66.0000000000000       6.782507585103384E-004  0.000000000000000E+000
   67.0000000000000       6.681276128609304E-004  0.000000000000000E+000
   68.0000000000000       6.583022067894462E-004  0.000000000000000E+000
   69.0000000000000       6.487615950968455E-004  0.000000000000000E+000
   70.0000000000000       6.394935723097478E-004  0.000000000000000E+000
   71.0000000000000       6.304866205870752E-004  0.000000000000000E+000
   72.0000000000000       6.217298619678103E-004  0.000000000000000E+000
   73.0000000000000       6.132130145435937E-004  0.000000000000000E+000
   74.0000000000000       6.049263521848965E-004  0.000000000000000E+000
   75.0000000000000       5.968606674890979E-004  0.000000000000000E+000
   76.0000000000000       5.890072376537150E-004  0.000000000000000E+000
   77.0000000000000       5.813577930088616E-004  0.000000000000000E+000
   78.0000000000000       5.739044879702864E-004  0.000000000000000E+000
   79.0000000000000       5.666398741985106E-004  0.000000000000000E+000
   80.0000000000000       5.595568757710293E-004  0.000000000000000E+000
   81.0000000000000       5.526487661936091E-004  0.000000000000000E+000
   82.0000000000000       5.459091470936871E-004  0.000000000000000E+000
   83.0000000000000       5.393319284540041E-004  0.000000000000000E+000
   84.0000000000000       5.329113102581231E-004  0.000000000000000E+000
   85.0000000000000       5.266417654315569E-004  0.000000000000000E+000
   86.0000000000000       5.205180239730504E-004  0.000000000000000E+000
   87.0000000000000       5.145350581802568E-004  0.000000000000000E+000
   88.0000000000000       5.086880688827539E-004  0.000000000000000E+000
   89.0000000000000       5.029724726031724E-004  0.000000000000000E+000
   90.0000000000000       4.973838895742483E-004  0.000000000000000E+000
   91.0000000000000       4.919181325459598E-004  0.000000000000000E+000
   92.0000000000000       4.865711963226341E-004  0.000000000000000E+000
   93.0000000000000       4.813392479750789E-004  0.000000000000000E+000
   94.0000000000000       4.762186176774717E-004  0.000000000000000E+000
   95.0000000000000       4.712057901229720E-004  0.000000000000000E+000
   96.0000000000000       4.662973964758577E-004  0.000000000000000E+000
   97.0000000000000       4.614902068214674E-004  0.000000000000000E+000
   98.0000000000000       4.567811230783912E-004  0.000000000000000E+000
   99.0000000000000       4.521671723402257E-004  0.000000000000000E+000
   100.000000000000       4.476455006168234E-004  0.000000000000000E+000
   101.000000000000       4.432133669473499E-004  0.000000000000000E+000
   102.000000000000       4.388681378596308E-004  0.000000000000000E+000
   103.000000000000       4.346072821522557E-004  0.000000000000000E+000
   104.000000000000       4.304283659777148E-004  0.000000000000000E+000
   105.000000000000       4.263290482064985E-004  0.000000000000000E+000
   106.000000000000       4.223070760536070E-004  0.000000000000000E+000
   107.000000000000       4.183602809503022E-004  0.000000000000000E+000
   108.000000000000       4.144865746452068E-004  0.000000000000000E+000
   109.000000000000       4.106839455200214E-004  0.000000000000000E+000
   110.000000000000       4.069504551062031E-004  0.000000000000000E+000
   111.000000000000       4.032842347899310E-004  0.000000000000000E+000
   112.000000000000       3.996834826935923E-004  0.000000000000000E+000
   113.000000000000       3.961464607228526E-004  0.000000000000000E+000
   114.000000000000       3.926714917691433E-004  0.000000000000000E+000
   115.000000000000       3.892569570581073E-004  0.000000000000000E+000
   116.000000000000       3.859012936351926E-004  0.000000000000000E+000
   117.000000000000       3.826029919801909E-004  0.000000000000000E+000
   118.000000000000       3.793605937430707E-004  0.000000000000000E+000
   119.000000000000       3.761726895939693E-004  0.000000000000000E+000
   120.000000000000       3.730379171806862E-004  0.000000000000000E+000
   121.000000000000       3.699549591874574E-004  0.000000000000000E+000
   122.000000000000       3.669225414891995E-004  0.000000000000000E+000
   123.000000000000       3.639394313957914E-004  0.000000000000000E+000
   124.000000000000       3.610044359813092E-004  0.000000000000000E+000
   125.000000000000       3.581164004934587E-004  0.000000000000000E+000
   126.000000000000       3.552742068387488E-004  0.000000000000000E+000
   127.000000000000       3.524767721392310E-004  0.000000000000000E+000
   128.000000000000       3.497230473568933E-004  0.000000000000000E+000
   129.000000000000       3.470120159820336E-004  0.000000000000000E+000
   130.000000000000       3.443426927821718E-004  0.000000000000000E+000
   131.000000000000       3.417141226082622E-004  0.000000000000000E+000
   132.000000000000       3.391253792551692E-004  0.000000000000000E+000
   133.000000000000       3.365755643735515E-004  0.000000000000000E+000
   134.000000000000       3.340638064304652E-004  0.000000000000000E+000
   135.000000000000       3.315892597161655E-004  0.000000000000000E+000
   136.000000000000       3.291511033947231E-004  0.000000000000000E+000
   137.000000000000       3.267485405962215E-004  0.000000000000000E+000
   138.000000000000       3.243807975484227E-004  0.000000000000000E+000
   139.000000000000       3.220471227459161E-004  0.000000000000000E+000
   140.000000000000       3.197467861548739E-004  0.000000000000000E+000
   141.000000000000       3.174790784516478E-004  0.000000000000000E+000
   142.000000000000       3.152433102935376E-004  0.000000000000000E+000
   143.000000000000       3.130388116201562E-004  0.000000000000000E+000
   144.000000000000       3.108649309839051E-004  0.000000000000000E+000
   145.000000000000       3.087210349081541E-004  0.000000000000000E+000
   146.000000000000       3.066065072717968E-004  0.000000000000000E+000
   147.000000000000       3.045207487189275E-004  0.000000000000000E+000
   148.000000000000       3.024631760924482E-004  0.000000000000000E+000
   149.000000000000       3.004332218904855E-004  0.000000000000000E+000
   150.000000000000       2.984303337445490E-004  0.000000000000000E+000
   151.000000000000       2.964539739184261E-004  0.000000000000000E+000
   152.000000000000       2.945036188268575E-004  0.000000000000000E+000
   153.000000000000       2.925787585730872E-004  0.000000000000000E+000
   154.000000000000       2.906788965044308E-004  0.000000000000000E+000
   155.000000000000       2.888035487850474E-004  0.000000000000000E+000
   156.000000000000       2.869522439851432E-004  0.000000000000000E+000
   157.000000000000       2.851245226858748E-004  0.000000000000000E+000
   158.000000000000       2.833199370992553E-004  0.000000000000000E+000
   159.000000000000       2.815380507024046E-004  0.000000000000000E+000
   160.000000000000       2.797784378855146E-004  0.000000000000000E+000
   161.000000000000       2.780406836129338E-004  0.000000000000000E+000
   162.000000000000       2.763243830968045E-004  0.000000000000000E+000
   163.000000000000       2.746291414827138E-004  0.000000000000000E+000
   164.000000000000       2.729545735468435E-004  0.000000000000000E+000
   165.000000000000       2.713003034041354E-004  0.000000000000000E+000
   166.000000000000       2.696659642270020E-004  0.000000000000000E+000
   167.000000000000       2.680511979741458E-004  0.000000000000000E+000
   168.000000000000       2.664556551290615E-004  0.000000000000000E+000
   169.000000000000       2.648789944478245E-004  0.000000000000000E+000
   170.000000000000       2.633208827157784E-004  0.000000000000000E+000
   171.000000000000       2.617809945127622E-004  0.000000000000000E+000
   172.000000000000       2.602590119865252E-004  0.000000000000000E+000
   173.000000000000       2.587546246340019E-004  0.000000000000000E+000
   174.000000000000       2.572675290901284E-004  0.000000000000000E+000
   175.000000000000       2.557974289238991E-004  0.000000000000000E+000
   176.000000000000       2.543440344413769E-004  0.000000000000000E+000
   177.000000000000       2.529070624953805E-004  0.000000000000000E+000
   178.000000000000       2.514862363015862E-004  0.000000000000000E+000
   179.000000000000       2.500812852607952E-004  0.000000000000000E+000
   180.000000000000       2.486919447871241E-004  0.000000000000000E+000
   181.000000000000       2.473179561418914E-004  0.000000000000000E+000
   182.000000000000       2.459590662729799E-004  0.000000000000000E+000
   183.000000000000       2.446150276594664E-004  0.000000000000000E+000
   184.000000000000       2.432855981613171E-004  0.000000000000000E+000
   185.000000000000       2.419705408739586E-004  0.000000000000000E+000
   186.000000000000       2.406696239875395E-004  0.000000000000000E+000
   187.000000000000       2.393826206507077E-004  0.000000000000000E+000
   188.000000000000       2.381093088387359E-004  0.000000000000000E+000
   189.000000000000       2.368494712258325E-004  0.000000000000000E+000
   190.000000000000       2.356028950614860E-004  0.000000000000000E+000
   191.000000000000       2.343693720506929E-004  0.000000000000000E+000
   192.000000000000       2.331486982379288E-004  0.000000000000000E+000
   193.000000000000       2.319406738947272E-004  0.000000000000000E+000
   194.000000000000       2.307451034107337E-004  0.000000000000000E+000
   195.000000000000       2.295617951881146E-004  0.000000000000000E+000
   196.000000000000       2.283905615391956E-004  0.000000000000000E+000
   197.000000000000       2.272312185872200E-004  0.000000000000000E+000
   198.000000000000       2.260835861701128E-004  0.000000000000000E+000
   199.000000000000       2.249474877471474E-004  0.000000000000000E+000
   200.000000000000       2.238227503084117E-004  0.000000000000000E+000
   201.000000000000       2.227092042869768E-004  0.000000000000000E+000
   202.000000000000       2.216066834736750E-004  0.000000000000000E+000
   203.000000000000       2.205150249343958E-004  0.000000000000000E+000
   204.000000000000       2.194340689298154E-004  0.000000000000000E+000
   205.000000000000       2.183636588374748E-004  0.000000000000000E+000
   206.000000000000       2.173036410761279E-004  0.000000000000000E+000
   207.000000000000       2.162538650322818E-004  0.000000000000000E+000
   208.000000000000       2.152141829888574E-004  0.000000000000000E+000
   209.000000000000       2.141844500558964E-004  0.000000000000000E+000
   210.000000000000       2.131645241032493E-004  0.000000000000000E+000
   211.000000000000       2.121542656951770E-004  0.000000000000000E+000
   212.000000000000       2.111535380268035E-004  0.000000000000000E+000
   213.000000000000       2.101622068623584E-004  0.000000000000000E+000
   214.000000000000       2.091801404751511E-004  0.000000000000000E+000
   215.000000000000       2.082072095892202E-004  0.000000000000000E+000
   216.000000000000       2.072432873226034E-004  0.000000000000000E+000
   217.000000000000       2.062882491321767E-004  0.000000000000000E+000
   218.000000000000       2.053419727600107E-004  0.000000000000000E+000
   219.000000000000       2.044043381811979E-004  0.000000000000000E+000
   220.000000000000       2.034752275531016E-004  0.000000000000000E+000
   221.000000000000       2.025545251659834E-004  0.000000000000000E+000
   222.000000000000       2.016421173949655E-004  0.000000000000000E+000
   223.000000000000       2.007378926532840E-004  0.000000000000000E+000
   224.000000000000       1.998417413467962E-004  0.000000000000000E+000
   225.000000000000       1.989535558296993E-004  0.000000000000000E+000
   226.000000000000       1.980732303614263E-004  0.000000000000000E+000
   227.000000000000       1.972006610646799E-004  0.000000000000000E+000
   228.000000000000       1.963357458845717E-004  0.000000000000000E+000
   229.000000000000       1.954783845488312E-004  0.000000000000000E+000
   230.000000000000       1.946284785290536E-004  0.000000000000000E+000
   231.000000000000       1.937859310029539E-004  0.000000000000000E+000
   232.000000000000       1.929506468175963E-004  0.000000000000000E+000
   233.000000000000       1.921225324535723E-004  0.000000000000000E+000
   234.000000000000       1.913014959900955E-004  0.000000000000000E+000
   235.000000000000       1.904874470709887E-004  0.000000000000000E+000
   236.000000000000       1.896802968715353E-004  0.000000000000000E+000
   237.000000000000       1.888799580661702E-004  0.000000000000000E+000
   238.000000000000       1.880863447969846E-004  0.000000000000000E+000
   239.000000000000       1.872993726430224E-004  0.000000000000000E+000
   240.000000000000       1.865189585903431E-004  0.000000000000000E+000
   241.000000000000       1.857450210028313E-004  0.000000000000000E+000
   242.000000000000       1.849774795937287E-004  0.000000000000000E+000
   243.000000000000       1.842162553978697E-004  0.000000000000000E+000
   244.000000000000       1.834612707445998E-004  0.000000000000000E+000
   245.000000000000       1.827124492313565E-004  0.000000000000000E+000
   246.000000000000       1.819697156978957E-004  0.000000000000000E+000
   247.000000000000       1.812329962011431E-004  0.000000000000000E+000
   248.000000000000       1.805022179906546E-004  0.000000000000000E+000
   249.000000000000       1.797773094846680E-004  0.000000000000000E+000
   250.000000000000       1.790582002467294E-004  0.000000000000000E+000
   251.000000000000       1.783448209628779E-004  0.000000000000000E+000
   252.000000000000       1.776371034193744E-004  0.000000000000000E+000
   253.000000000000       1.769349804809579E-004  0.000000000000000E+000
   254.000000000000       1.762383860696155E-004  0.000000000000000E+000
   255.000000000000       1.755472551438523E-004  0.000000000000000E+000
   256.000000000000       1.748615236784466E-004  0.000000000000000E+000
   257.000000000000       1.741811286446784E-004  0.000000000000000E+000
   258.000000000000       1.735060079910168E-004  0.000000000000000E+000
   259.000000000000       1.728361006242561E-004  0.000000000000000E+000
   260.000000000000       1.721713463910859E-004  0.000000000000000E+000
   261.000000000000       1.715116860600856E-004  0.000000000000000E+000
   262.000000000000       1.708570613041311E-004  0.000000000000000E+000
   263.000000000000       1.702074146832028E-004  0.000000000000000E+000
   264.000000000000       1.695626896275846E-004  0.000000000000000E+000
   265.000000000000       1.689228304214428E-004  0.000000000000000E+000
   266.000000000000       1.682877821867757E-004  0.000000000000000E+000
   267.000000000000       1.676574908677241E-004  0.000000000000000E+000
   268.000000000000       1.670319032152326E-004  0.000000000000000E+000
   269.000000000000       1.664109667720533E-004  0.000000000000000E+000
   270.000000000000       1.657946298580827E-004  0.000000000000000E+000
   271.000000000000       1.651828415560234E-004  0.000000000000000E+000
   272.000000000000       1.645755516973615E-004  0.000000000000000E+000
   273.000000000000       1.639727108486533E-004  0.000000000000000E+000
   274.000000000000       1.633742702981107E-004  0.000000000000000E+000
   275.000000000000       1.627801820424812E-004  0.000000000000000E+000
   276.000000000000       1.621903987742114E-004  0.000000000000000E+000
   277.000000000000       1.616048738688893E-004  0.000000000000000E+000
   278.000000000000       1.610235613729581E-004  0.000000000000000E+000
   279.000000000000       1.604464159916930E-004  0.000000000000000E+000
   280.000000000000       1.598733930774369E-004  0.000000000000000E+000
   281.000000000000       1.593044486180866E-004  0.000000000000000E+000
   282.000000000000       1.587395392258239E-004  0.000000000000000E+000
   283.000000000000       1.581786221260860E-004  0.000000000000000E+000
   284.000000000000       1.576216551467688E-004  0.000000000000000E+000
   285.000000000000       1.570685967076573E-004  0.000000000000000E+000
   286.000000000000       1.565194058100781E-004  0.000000000000000E+000
   287.000000000000       1.559740420267677E-004  0.000000000000000E+000
   288.000000000000       1.554324654919526E-004  0.000000000000000E+000
   289.000000000000       1.548946368916344E-004  0.000000000000000E+000
   290.000000000000       1.543605174540770E-004  0.000000000000000E+000
   291.000000000000       1.538300689404892E-004  0.000000000000000E+000
   292.000000000000       1.533032536358984E-004  0.000000000000000E+000
   293.000000000000       1.527800343402128E-004  0.000000000000000E+000
   294.000000000000       1.522603743594637E-004  0.000000000000000E+000
   295.000000000000       1.517442374972283E-004  0.000000000000000E+000
   296.000000000000       1.512315880462241E-004  0.000000000000000E+000
   297.000000000000       1.507223907800752E-004  0.000000000000000E+000
   298.000000000000       1.502166109452427E-004  0.000000000000000E+000
   299.000000000000       1.497142142531182E-004  0.000000000000000E+000
   300.000000000000       1.492151668722745E-004  0.000000000000000E+000
   301.000000000000       1.487194354208716E-004  0.000000000000000E+000
   302.000000000000       1.482269869592131E-004  0.000000000000000E+000
   303.000000000000       1.477377889824500E-004  0.000000000000000E+000
   304.000000000000       1.472518094134287E-004  0.000000000000000E+000
   305.000000000000       1.467690165956798E-004  0.000000000000000E+000
   306.000000000000       1.462893792865436E-004  0.000000000000000E+000
   307.000000000000       1.458128666504311E-004  0.000000000000000E+000
   308.000000000000       1.453394482522154E-004  0.000000000000000E+000
   309.000000000000       1.448690940507519E-004  0.000000000000000E+000
   310.000000000000       1.444017743925237E-004  0.000000000000000E+000
