  0.000000000000000E+000 -0.275404835283091      -1.900510649714346E-007
  7.812500000000000E-003 -0.275728105681172      -9.929205298664589E-004
  1.562500000000000E-002 -0.276857482450561      -2.778059489467260E-003
  2.343750000000000E-002 -0.277442462671190      -5.499939727181297E-003
  3.125000000000000E-002 -0.277439263294240      -7.945432599476287E-003
  3.906250000000000E-002 -0.276546758862049      -1.021899506921398E-002
  4.687500000000000E-002 -0.277267576414268      -1.095373155497646E-002
  5.468750000000000E-002 -0.277860726998423      -1.383362301512894E-002
  6.250000000000000E-002 -0.278123577115529      -1.568056559059031E-002
  7.031250000000000E-002 -0.279492783308226      -1.809620260586947E-002
  7.812500000000000E-002 -0.280808275344171      -2.416830311329692E-002
  8.593750000000000E-002 -0.272799545276210      -2.728357940858173E-002
  9.375000000000000E-002 -0.271458772911838      -2.496311754981877E-002
  0.101562500000000      -0.270999097361791      -2.197712435504532E-002
  0.109375000000000      -0.277114052562070      -1.973827088156828E-002
  0.117187500000000      -0.280837029048175      -2.474188193188460E-002
  0.125000000000000      -0.284181969447815      -3.109996268359264E-002
  0.132812500000000      -0.279790681131872      -3.250760614009858E-002
  0.140625000000000      -0.283544835798632      -3.204493871842928E-002
  0.148437500000000      -0.288568985286175      -3.690607315191181E-002
  0.156250000000000      -0.292360143303762      -4.482765083677757E-002
  0.164062500000000      -0.289974403563670      -5.364512218808866E-002
  0.171875000000000      -0.288419458254891      -6.012978245281005E-002
  0.179687500000000      -0.283853471046582      -6.702444209606885E-002
  0.187500000000000      -0.280658233203706      -7.230447678110087E-002
  0.195312500000000      -0.273560949627374      -8.187446737365277E-002
  0.203125000000000      -0.260632767212241      -7.678205570199222E-002
  0.210937500000000      -0.259674659853061      -7.132643986116741E-002
  0.218750000000000      -0.262666648450660      -7.290643250559824E-002
  0.226562500000000      -0.261881201937594      -7.703847137509430E-002
  0.234375000000000      -0.257874581521174      -8.401598428891241E-002
  0.242187500000000      -0.247444641501987      -8.485183952402173E-002
  0.250000000000000      -0.239625948811551      -8.273668651406373E-002
  0.257812500000000      -0.233849136629726      -7.765861157189841E-002
  0.265625000000000      -0.226458894938383      -7.079744066263691E-002
  0.273437500000000      -0.224922840520114      -5.897836047796776E-002
  0.281250000000000      -0.231935025468834      -4.817712051518953E-002
  0.289062500000000      -0.238924260389284      -4.618095275750966E-002
  0.296875000000000      -0.243769394642008      -4.409155626279742E-002
  0.304687500000000      -0.248773118258436      -4.144181855408394E-002
  0.312500000000000      -0.255614672974167      -4.022106160709338E-002
  0.320312500000000      -0.262300695310793      -3.982452711690903E-002
  0.328125000000000      -0.270191171921605      -3.983701774063726E-002
  0.335937500000000      -0.280326912612429      -4.383531517487751E-002
  0.343750000000000      -0.288377393297330      -5.039229900240871E-002
  0.351562500000000      -0.295887627137237      -6.051748162337910E-002
  0.359375000000000      -0.293045018464328      -7.720321537263133E-002
  0.367187500000000      -0.286261158920777      -8.033992277434879E-002
  0.375000000000000      -0.283084778915128      -8.130348212198027E-002
  0.382812500000000      -0.281443920906731      -8.057622490540234E-002
  0.390625000000000      -0.285131267297514      -7.909283334477253E-002
  0.398437500000000      -0.289759771652363      -8.161146403397215E-002
  0.406250000000000      -0.294339360056776      -8.703808067458473E-002
  0.414062500000000      -0.295014662261971      -9.823324787859930E-002
  0.421875000000000      -0.287555584027787      -9.945114201082150E-002
  0.429687500000000      -0.285965544773674      -9.844160727990132E-002
  0.437500000000000      -0.286197087898911      -9.725253954123698E-002
  0.445312500000000      -0.287625210788476      -9.466826683428663E-002
  0.453125000000000      -0.293233230093500      -9.315965285397416E-002
  0.460937500000000      -0.299797933179927      -9.314054003425745E-002
  0.468750000000000      -0.308009922732331      -9.436224918371432E-002
  0.476562500000000      -0.318709256346911      -9.808951724950900E-002
  0.484375000000000      -0.327747271166976      -0.106558854619975     
  0.492187500000000      -0.336541208954361      -0.115780604857598     
  0.500000000000000      -0.345954841034760      -0.128316979890411     
  0.507812500000000      -0.354641530728622      -0.148104084974632     
  0.515625000000000      -0.345455689315538      -0.173617132391669     
  0.523437500000000      -0.333942698007609      -0.184618316236419     
  0.531250000000000      -0.324255414506715      -0.192319394962490     
  0.539062500000000      -0.314870298462239      -0.198166467318243     
  0.546875000000000      -0.302837354196723      -0.201082951858380     
  0.554687500000000      -0.297339984918099      -0.195369941148081     
  0.562500000000000      -0.297752016811666      -0.191802062820139     
  0.570312500000000      -0.302007530683680      -0.190592113469885     
  0.578125000000000      -0.309623403354334      -0.193265333495897     
  0.585937500000000      -0.316940517375280      -0.205502241756943     
  0.593750000000000      -0.315541844610391      -0.216284498126679     
  0.601562500000000      -0.314157143082858      -0.225517409514243     
  0.609375000000000      -0.312550468277784      -0.235049998464489     
  0.617187500000000      -0.309928334910138      -0.245930474343421     
  0.625000000000000      -0.301331303828975      -0.258255907964993     
  0.632812500000000      -0.292004192473286      -0.262038911823723     
  0.640625000000000      -0.285597208913155      -0.264467006324020     
  0.648437500000000      -0.280719177196403      -0.266172181181629     
  0.656250000000000      -0.277163630414136      -0.266874120961556     
  0.664062500000000      -0.276476184066170      -0.264792744293014     
  0.671875000000000      -0.282992657228294      -0.269183372911568     
  0.679687500000000      -0.286333677471976      -0.277375296918481     
  0.687500000000000      -0.288128616974897      -0.287517941451504     
  0.695312500000000      -0.288101708946529      -0.299418809539419     
  0.703125000000000      -0.285101904584629      -0.312813743543664     
  0.710937500000000      -0.277019144862051      -0.322692923863598     
  0.718750000000000      -0.273246218191106      -0.330180127541859     
  0.726562500000000      -0.270267817714827      -0.339611329545499     
  0.734375000000000      -0.266767836179522      -0.350958700812691     
  0.742187500000000      -0.261562675145394      -0.364274528409556     
  0.750000000000000      -0.252523341678913      -0.379351629856932     
  0.757812500000000      -0.237187820128665      -0.388333503005946     
  0.765625000000000      -0.227296270815722      -0.394201138590861     
  0.773437500000000      -0.218719736911820      -0.401312830537541     
  0.781250000000000      -0.210026833695850      -0.409710225155008     
  0.789062500000000      -0.200099967901782      -0.419221834387851     
  0.796875000000000      -0.187391516694610      -0.429036246038328     
  0.804687500000000      -0.172960166804059      -0.432886157287255     
  0.812500000000000      -0.164347864748524      -0.438231604984236     
  0.820312500000000      -0.155563481006145      -0.447045548709722     
  0.828125000000000      -0.144798691718762      -0.458992693216566     
  0.835937500000000      -0.129921935537463      -0.473892435404815     
  0.843750000000000      -0.107331262620362      -0.490800766762154     
  0.851562500000000      -6.685229278504692E-002 -0.501680625049334     
  0.859375000000000      -3.572872068316970E-002 -0.488105564504167     
  0.867187500000000      -1.372574278530467E-002 -0.475372747774155     
  0.875000000000000       4.397953473339941E-003 -0.462993469815937     
  0.882812500000000       2.011956509984816E-002 -0.450600200787337     
  0.890625000000000       3.401528393771989E-002 -0.437714977596641     
  0.898437500000000       4.605398767705945E-002 -0.423528944290899     
  0.906250000000000       5.231769659878866E-002 -0.406918590913130     
  0.914062500000000       5.453679312197341E-002 -0.396499569720703     
  0.921875000000000       5.715384768315494E-002 -0.388978673789274     
  0.929687500000000       6.016464384416025E-002 -0.383340285923681     
  0.937500000000000       6.365713956004398E-002 -0.379185060010040     
  0.945312500000000       6.771643753842913E-002 -0.376335662083280     
  0.953125000000000       7.234446521260934E-002 -0.374915617173312     
  0.960937500000000       7.915767928333732E-002 -0.377208667156288     
  0.968750000000000       9.156110858225970E-002 -0.376991953556503     
  0.976562500000000       0.105037132035614      -0.374152246750914     
  0.984375000000000       0.119343421386793      -0.369095510114673     
  0.992187500000000       0.134266028973105      -0.361603484526717     
   1.00000000000000       0.149496750312052      -0.351156237127160     
   1.00781250000000       0.164507603499445      -0.336781837114622     
   1.01562500000000       0.178093310113341      -0.315386557680607     
   1.02343750000000       0.176127948221999      -0.292656768473927     
   1.03125000000000       0.173459733115789      -0.278224739625567     
   1.03906250000000       0.171079110035774      -0.266539780845368     
   1.04687500000000       0.168914262854201      -0.256509709588365     
   1.05468750000000       0.166880304528103      -0.247629797729778     
   1.06250000000000       0.164856400302874      -0.239635805838469     
   1.07031250000000       0.162623295913841      -0.232447394756243     
   1.07812500000000       0.159556856326231      -0.226974550685937     
   1.08593750000000       0.158851800288808      -0.223314585564168     
   1.09375000000000       0.159176648466076      -0.219342162128179     
   1.10156250000000       0.160206627287998      -0.215212510444288     
   1.10937500000000       0.161845841533349      -0.210832779222933     
   1.11718750000000       0.164019114151355      -0.206038754133475     
   1.12500000000000       0.166619619902434      -0.200602374124047     
   1.13281250000000       0.169453926224814      -0.194192431321835     
   1.14062500000000       0.172043238918245      -0.185961085780188     
   1.14843750000000       0.171288740300858      -0.177931391474202     
   1.15625000000000       0.170847987076862      -0.171324495433018     
   1.16406250000000       0.170563599076396      -0.164999934977794     
   1.17187500000000       0.170320691111394      -0.158722661727260     
   1.17968750000000       0.170016178161611      -0.152376008579146     
   1.18750000000000       0.169538588000838      -0.145889302131953     
   1.19531250000000       0.168749216654772      -0.139211354196546     
   1.20312500000000       0.167421576238621      -0.132269871770894     
   1.21093750000000       0.164410337126866      -0.125406712267245     
   1.21875000000000       0.161404083945325      -0.120510890681377     
   1.22656250000000       0.158915586707985      -0.116033761091010     
   1.23437500000000       0.156691257869893      -0.111768006009735     
   1.24218750000000       0.154627293688980      -0.107641049109100     
   1.25000000000000       0.152662565709617      -0.103620057420020     
   1.25781250000000       0.150756466567279      -9.969345463452993E-002
   1.26562500000000       0.148884078885889      -9.586892830683386E-002
   1.27343750000000       0.147048639500925      -9.219024985803470E-002
   1.28125000000000       0.145561070900316      -8.866894105800474E-002
   1.28906250000000       0.144095507457708      -8.471870896058471E-002
   1.29687500000000       0.142430567806728      -8.067160907282275E-002
   1.30468750000000       0.140562463518640      -7.658196640549994E-002
   1.31250000000000       0.138458796070792      -7.249109474750345E-002
   1.32031250000000       0.136080627711729      -6.844711613378579E-002
   1.32812500000000       0.133384938523400      -6.451246773427272E-002
   1.33593750000000       0.130320832278469      -6.077361483082207E-002
   1.34375000000000       0.126808963904664      -5.736690709293926E-002
   1.35156250000000       0.122565724808020      -5.465161212603977E-002
   1.35937500000000       0.119265633180645      -5.393218810941334E-002
   1.36718750000000       0.117038980247906      -5.271471657913833E-002
   1.37500000000000       0.115141012636577      -5.126441047263663E-002
   1.38281250000000       0.113443778311177      -4.964257279134879E-002
   1.39062500000000       0.111879160094384      -4.786641511626772E-002
   1.39843750000000       0.110397709876921      -4.593655477752041E-002
   1.40625000000000       0.108955304116598      -4.384349723699795E-002
   1.41406250000000       0.107505284716660      -4.156633035411638E-002
   1.42187500000000       0.105986820991914      -3.905751682423202E-002
   1.42968750000000       0.104246705200435      -3.609085824851029E-002
   1.43750000000000       0.101434264243936      -3.352704242853168E-002
   1.44531250000000       9.882633067729873E-002 -3.148197823861015E-002
   1.45312500000000       9.628977626778214E-002 -2.962134650034764E-002
   1.46093750000000       9.378646229450859E-002 -2.789092119349127E-002
   1.46875000000000       9.129519735319036E-002 -2.627179312751287E-002
   1.47656250000000       8.880142248558878E-002 -2.475961719277928E-002
   1.48437500000000       8.629404448628383E-002 -2.335927857627849E-002
   1.49218750000000       8.376377431736505E-002 -2.208454886757128E-002
   1.50000000000000       8.120089713217812E-002 -2.096308706641501E-002
   1.50781250000000       7.858582461382795E-002 -2.006369647123431E-002
   1.51562500000000       7.618630593698220E-002 -1.968760778235391E-002
   1.52343750000000       7.426044225248928E-002 -1.915818430585541E-002
   1.53125000000000       7.241925299739582E-002 -1.850442654535803E-002
   1.53906250000000       7.061497153806896E-002 -1.778209208620248E-002
   1.54687500000000       6.882232556212133E-002 -1.701475063076263E-002
   1.55468750000000       6.702248387833148E-002 -1.621635742173549E-002
   1.56250000000000       6.519817055601912E-002 -1.539662151751602E-002
   1.57031250000000       6.333042745214044E-002 -1.456291529454661E-002
   1.57812500000000       6.139413280272763E-002 -1.372089053804085E-002
   1.58593750000000       5.934698400349811E-002 -1.287386946160883E-002
   1.59375000000000       5.707887013478352E-002 -1.201685964302275E-002
   1.60156250000000       5.428078713615665E-002 -1.170810724679562E-002
   1.60937500000000       5.202822830221563E-002 -1.191698587617668E-002
   1.61718750000000       5.004655756295472E-002 -1.217074958043749E-002
   1.62500000000000       4.824386649090115E-002 -1.245550024694267E-002
   1.63281250000000       4.658503298834683E-002 -1.276611002758920E-002
   1.64062500000000       4.505336979148333E-002 -1.310007413870685E-002
   1.64843750000000       4.364174411161858E-002 -1.345605948919745E-002
   1.65625000000000       4.235014428420953E-002 -1.383342300914627E-002
   1.66406250000000       4.118637851097705E-002 -1.423209572635641E-002
   1.67187500000000       4.017104006937320E-002 -1.465277262860504E-002
   1.67968750000000       3.935703046373455E-002 -1.509789819048681E-002
   1.68750000000000       3.905581421456498E-002 -1.550675446980445E-002
   1.69531250000000       3.866117843747021E-002 -1.507495250100797E-002
   1.70312500000000       3.795119706295177E-002 -1.463926069459883E-002
   1.71093750000000       3.711218868900042E-002 -1.421532606279869E-002
   1.71875000000000       3.619213323112570E-002 -1.380974798904615E-002
   1.72656250000000       3.521411001893687E-002 -1.342731663373875E-002
   1.73437500000000       3.419185287955095E-002 -1.307228031551546E-002
   1.74218750000000       3.313464214979846E-002 -1.274894263465377E-002
   1.75000000000000       3.204937236004888E-002 -1.246221692817937E-002
   1.75781250000000       3.094161547046752E-002 -1.221850522906750E-002
   1.76562500000000       2.981630984394292E-002 -1.202768739373625E-002
   1.77343750000000       2.867848886168534E-002 -1.190959113187952E-002
   1.78125000000000       2.753842053041472E-002 -1.195891941393471E-002
   1.78906250000000       2.672849910625906E-002 -1.200222260087755E-002
   1.79687500000000       2.591160856868329E-002 -1.190166925198258E-002
   1.80468750000000       2.508372025083858E-002 -1.174259383723921E-002
   1.81250000000000       2.424098938282489E-002 -1.154289503197696E-002
   1.82031250000000       2.337933339333205E-002 -1.131049532684387E-002
   1.82812500000000       2.249401213704616E-002 -1.104954242969617E-002
   1.83593750000000       2.157918125533421E-002 -1.076225487858037E-002
   1.84375000000000       2.062722616390650E-002 -1.044961658927580E-002
   1.85156250000000       1.962755626955414E-002 -1.011158851069495E-002
   1.85937500000000       1.856402833849616E-002 -9.746930554312253E-003
   1.86718750000000       1.740808787664993E-002 -9.352229557974056E-003
   1.87500000000000       1.609122848489054E-002 -8.917225946641908E-003
   1.88281250000000       1.425127049508496E-002 -8.697161830032666E-003
   1.89062500000000       1.280871544617130E-002 -9.091912858955983E-003
   1.89843750000000       1.161608825656847E-002 -9.414851459809293E-003
   1.90625000000000       1.052398663640829E-002 -9.676482967196212E-003
   1.91406250000000       9.480562693019516E-003 -9.887001794236327E-003
   1.92187500000000       8.457698191192948E-003 -1.005343331643853E-002
   1.92968750000000       7.436054070108918E-003 -1.018053991262487E-002
   1.93750000000000       6.399593678030091E-003 -1.027144772196888E-002
   1.94531250000000       5.332603148924178E-003 -1.032797172025262E-002
   1.95312500000000       4.217103142368858E-003 -1.035071351003186E-002
   1.96093750000000       3.029142604765798E-003 -1.033894139622860E-002
   1.96875000000000       1.730822116500506E-003 -1.029017879058028E-002
   1.97656250000000       2.446215106739245E-004 -1.019939959194117E-002
   1.98437500000000      -1.809063342568316E-003 -1.008831014373269E-002
   1.99218750000000      -3.763138158293702E-003 -1.110317638766364E-002
   2.00000000000000      -5.281342553705330E-003 -1.205371736791979E-002
   2.00781250000000      -6.655599597783841E-003 -1.298622382306738E-002
   2.01562500000000      -7.949436070808226E-003 -1.391111548870946E-002
   2.02343750000000      -9.195075163386733E-003 -1.483232005331336E-002
   2.03125000000000      -1.041537691602112E-002 -1.574972812185830E-002
   2.03906250000000      -1.163237886733883E-002 -1.665893092814103E-002
   2.04687500000000      -1.287466601346995E-002 -1.755006414931647E-002
   2.05468750000000      -1.418857468768035E-002 -1.840706155636092E-002
   2.06250000000000      -1.565884500439039E-002 -1.921099574164145E-002
   2.07031250000000      -1.744709298273823E-002 -1.995784884485361E-002
   2.07812500000000      -1.986443066512538E-002 -2.071603461995343E-002
   2.08593750000000      -2.356221113336569E-002 -2.181113201409247E-002
   2.09375000000000      -3.070802147415114E-002 -2.605385786875995E-002
   2.10156250000000      -3.105251207287000E-002 -3.575525476126073E-002
   2.10937500000000      -2.798489799341843E-002 -4.278358773746205E-002
   2.11718750000000      -2.340371631238592E-002 -4.736097009634976E-002
   2.12500000000000      -1.862502141955700E-002 -4.972787138832684E-002
   2.13281250000000      -1.441239481940404E-002 -5.050802464238135E-002
   2.14062500000000      -1.103219968991086E-002 -5.034302732484875E-002
   2.14843750000000      -8.465199348697472E-003 -4.971118298753290E-002
   2.15625000000000      -6.580941442172496E-003 -4.891407985736546E-002
   2.16406250000000      -5.230515593942631E-003 -4.812377134197083E-002
   2.17187500000000      -4.282826856885526E-003 -4.743233366720698E-002
   2.17968750000000      -3.633198050224272E-003 -4.688798313100295E-002
   2.18750000000000      -3.201172493238006E-003 -4.651918961585862E-002
   2.19531250000000      -2.924993812092535E-003 -4.635376278975078E-002
   2.20312500000000      -2.754538290037048E-003 -4.645193336082193E-002
   2.21093750000000      -2.361253318873688E-003 -4.706232538779696E-002
   2.21875000000000      -1.524194572414300E-003 -4.736865335571829E-002
   2.22656250000000      -7.245430994250487E-004 -4.751863486127505E-002
   2.23437500000000       4.649382298017597E-005 -4.759605284753513E-002
   2.24218750000000       7.950740547106212E-004 -4.762672236692502E-002
   2.25000000000000       1.526587217080918E-003 -4.762219986312639E-002
   2.25781250000000       2.246047075092897E-003 -4.758811991901003E-002
   2.26562500000000       2.958260327436590E-003 -4.752686120696532E-002
   2.27343750000000       3.667917612996713E-003 -4.743853906405166E-002
   2.28125000000000       4.379633125238531E-003 -4.732131067426371E-002
   2.28906250000000       5.097931319753769E-003 -4.717128493103658E-002
   2.29687500000000       5.827166090079561E-003 -4.698207452704729E-002
   2.30468750000000       6.571346186107619E-003 -4.674381211413464E-002
   2.31250000000000       7.333831700789901E-003 -4.644093462800489E-002
   2.32031250000000       8.116924951567515E-003 -4.604562520160839E-002
   2.32812500000000       8.923832916569919E-003 -4.547059488039062E-002
   2.33593750000000       9.405982050677882E-003 -4.475396178172960E-002
   2.34375000000000       9.826975857813237E-003 -4.416418418295174E-002
   2.35156250000000       1.022476396556449E-002 -4.359837978800853E-002
   2.35937500000000       1.060359025881388E-002 -4.303551053989420E-002
   2.36718750000000       1.096492680339715E-002 -4.246450869647850E-002
   2.37500000000000       1.130887806952218E-002 -4.187765480874266E-002
   2.38281250000000       1.163459182449834E-002 -4.126857866107052E-002
   2.39062500000000       1.194037525681187E-002 -4.063136804880903E-002
   2.39843750000000       1.222366605451363E-002 -3.996001583644091E-002
   2.40625000000000       1.248088417752809E-002 -3.924792989370026E-002
   2.41406250000000       1.270712878911452E-002 -3.848732777451428E-002
   2.42187500000000       1.289560531840510E-002 -3.766828003359651E-002
   2.42968750000000       1.303647988523229E-002 -3.677689322261609E-002
   2.43750000000000       1.311425463689867E-002 -3.579115912407181E-002
   2.44531250000000       1.310002854327474E-002 -3.466853233460149E-002
   2.45312500000000       1.290883070585203E-002 -3.327570312363518E-002
   2.46093750000000       1.180491868252005E-002 -3.195637513904072E-002
   2.46875000000000       1.074987629943191E-002 -3.129568688304495E-002
   2.47656250000000       9.782418047561336E-003 -3.084185474221211E-002
   2.48437500000000       8.871107127218766E-003 -3.052788604100347E-002
   2.49218750000000       8.004227337311570E-003 -3.032472630570034E-002
   2.50000000000000       7.176588732841362E-003 -3.021623178401094E-002
   2.53125000000000       4.242414622374931E-003 -3.057270986562989E-002
   2.56250000000000       2.043835325529496E-003 -3.206025592422335E-002
   2.59375000000000       1.802827735769810E-003 -3.463097372504825E-002
   2.62500000000000       2.599795286947841E-003 -3.506951327822039E-002
   2.65625000000000       2.838437052839389E-003 -3.511040940653749E-002
   2.68750000000000       2.770940244755648E-003 -3.504953539872058E-002
   2.71875000000000       2.319007380788858E-003 -3.506547949728856E-002
   2.75000000000000       1.925870459258105E-003 -3.601566937601577E-002
   2.78125000000000       2.365027768741049E-003 -3.683594607047133E-002
   2.81250000000000       3.188256442258224E-003 -3.730453065023209E-002
   2.84375000000000       4.252252865175949E-003 -3.722696076702483E-002
   2.87500000000000       5.112794671766655E-003 -3.599506785524457E-002
   2.90625000000000       4.387119535587567E-003 -3.532886202029246E-002
   2.93750000000000       3.897545185521632E-003 -3.521780944699122E-002
   2.96875000000000       3.494702131528074E-003 -3.531185301855468E-002
   3.00000000000000       3.130411466208624E-003 -3.558060773101201E-002
   3.03125000000000       2.834308418180231E-003 -3.623418717108097E-002
   3.06250000000000       3.136610545861347E-003 -3.685382854990057E-002
   3.09375000000000       3.525465873605543E-003 -3.727920147084041E-002
   3.12500000000000       3.978633151356921E-003 -3.760430784735507E-002
   3.15625000000000       4.494085335310441E-003 -3.784565779294080E-002
   3.18750000000000       5.111867823251599E-003 -3.797882290003386E-002
   3.21875000000000       5.598556722622614E-003 -3.786379070779913E-002
   3.25000000000000       5.990367783985277E-003 -3.780135551977939E-002
   3.28125000000000       6.352238221923767E-003 -3.775053987791605E-002
   3.31250000000000       6.688505722823588E-003 -3.771009087826500E-002
   3.34375000000000       6.987107749348978E-003 -3.769565210300722E-002
   3.37500000000000       7.302150859486677E-003 -3.783967502271255E-002
   3.40625000000000       7.796555223987368E-003 -3.794802039754463E-002
   3.43750000000000       8.346017093900952E-003 -3.799053072303705E-002
   3.46875000000000       8.938172921909862E-003 -3.797609322163163E-002
   3.50000000000000       9.576092135455560E-003 -3.789966795027647E-002
   3.53125000000000       1.029619803728051E-002 -3.772642635142937E-002
   3.56250000000000       1.088249540551819E-002 -3.726694310664225E-002
   3.59375000000000       1.129539407644066E-002 -3.689251541458220E-002
   3.62500000000000       1.165753692307192E-002 -3.656441308301573E-002
   3.65625000000000       1.198494882607025E-002 -3.627962229533107E-002
   3.68750000000000       1.228630795149745E-002 -3.605683437260447E-002
   3.71875000000000       1.257835467303514E-002 -3.598613752596048E-002
   3.75000000000000       1.329933668964816E-002 -3.594206913168160E-002
   3.78125000000000       1.400758616911132E-002 -3.557189399296337E-002
   3.81250000000000       1.464591681432173E-002 -3.504757340461923E-002
   3.84375000000000       1.519150567916807E-002 -3.439054681432803E-002
   3.87500000000000       1.560121727317298E-002 -3.359813303237755E-002
   3.90625000000000       1.576227585952301E-002 -3.263185771626644E-002
   3.93750000000000       1.519175623688180E-002 -3.196663193789225E-002
   3.96875000000000       1.495665051289213E-002 -3.189128142719580E-002
   4.00000000000000       1.493428619377696E-002 -3.187794176667855E-002
   4.03125000000000       1.504896970053743E-002 -3.188212406850811E-002
   4.06250000000000       1.527578564947948E-002 -3.188075380880370E-002
   4.09375000000000       1.561213785758501E-002 -3.185115385695393E-002
   4.12500000000000       1.612208126724915E-002 -3.171975137052618E-002
   4.15625000000000       1.643175123886391E-002 -3.132620580647215E-002
   4.18750000000000       1.665525867905051E-002 -3.104352472880927E-002
   4.21875000000000       1.686510148315901E-002 -3.081532246432756E-002
   4.25000000000000       1.707839659892197E-002 -3.063418363857336E-002
   4.28125000000000       1.730707361532745E-002 -3.050468785994963E-002
   4.31250000000000       1.756807052741062E-002 -3.044780503365070E-002
   4.34375000000000       1.797420157601910E-002 -3.057696754528423E-002
   4.37500000000000       1.870422049159514E-002 -3.042616581894046E-002
   4.40625000000000       1.935668938471818E-002 -3.011319013710084E-002
   4.43750000000000       1.996929142797018E-002 -2.971601177199405E-002
   4.46875000000000       2.055032297954890E-002 -2.925422068069913E-002
   4.50000000000000       2.110356471997598E-002 -2.873598251138585E-002
   4.53125000000000       2.163281418355273E-002 -2.816328711283033E-002
   4.56250000000000       2.215108700470421E-002 -2.752523131602256E-002
   4.59375000000000       2.257422317825490E-002 -2.675673096531431E-002
   4.62500000000000       2.289250224849163E-002 -2.600254678129578E-002
   4.65625000000000       2.315312233006977E-002 -2.524227806870032E-002
   4.68750000000000       2.335781860126342E-002 -2.446911106233169E-002
   4.71875000000000       2.350226953396756E-002 -2.367915820926404E-002
   4.75000000000000       2.357565287252945E-002 -2.286793325084150E-002
   4.78125000000000       2.355146188452569E-002 -2.202583194255366E-002
   4.81250000000000       2.325926724762050E-002 -2.117277387170001E-002
   4.84375000000000       2.294480395925946E-002 -2.068658336048182E-002
   4.87500000000000       2.273455907722690E-002 -2.025134207099797E-002
   4.90625000000000       2.256493916322144E-002 -1.983935908291187E-002
   4.93750000000000       2.241508464310310E-002 -1.944205875257456E-002
   4.96875000000000       2.227225162450456E-002 -1.905505417770214E-002
   5.00000000000000       2.212451410138394E-002 -1.867553679904066E-002
   5.03125000000000       2.195311968748688E-002 -1.830112840191879E-002
   5.06250000000000       2.167116726612690E-002 -1.796861030156961E-002
   5.09375000000000       2.146775301997750E-002 -1.783162484382682E-002
   5.12500000000000       2.135325483318408E-002 -1.770415028053725E-002
   5.15625000000000       2.129127802648868E-002 -1.758404577323466E-002
   5.18750000000000       2.127282031634884E-002 -1.747084599208985E-002
   5.21875000000000       2.129623560138780E-002 -1.736475132129658E-002
   5.25000000000000       2.136535120866902E-002 -1.726673817903939E-002
   5.28125000000000       2.149302048077048E-002 -1.717941757355297E-002
   5.31250000000000       2.172762867684886E-002 -1.711241783051405E-002
   5.34375000000000       2.213744373918494E-002 -1.681086049819137E-002
   5.37500000000000       2.237876699687317E-002 -1.639486475475681E-002
   5.40625000000000       2.255545819973482E-002 -1.596428031150638E-002
   5.43750000000000       2.268920927830803E-002 -1.552398271602169E-002
   5.46875000000000       2.278759375245614E-002 -1.507588178063477E-002
   5.50000000000000       2.285245786735603E-002 -1.462069648850706E-002
   5.53125000000000       2.288095977394430E-002 -1.415820147851950E-002
   5.56250000000000       2.286200630674263E-002 -1.368653507766463E-002
   5.59375000000000       2.274151335623669E-002 -1.319507460341033E-002
   5.62500000000000       2.253543626752314E-002 -1.294052338366951E-002
   5.65625000000000       2.245868665733663E-002 -1.272851626625926E-002
   5.68750000000000       2.243344911109212E-002 -1.252697497710557E-002
   5.71875000000000       2.244751579015897E-002 -1.233293614613824E-002
   5.75000000000000       2.249837093532896E-002 -1.214544281039504E-002
   5.78125000000000       2.258877967609320E-002 -1.196451564013742E-002
   5.81250000000000       2.272738578890634E-002 -1.179111605405350E-002
   5.84375000000000       2.293441063671549E-002 -1.162791235435675E-002
   5.87500000000000       2.327366694784650E-002 -1.148388827622294E-002
   5.90625000000000       2.388065260119623E-002 -1.102759964430431E-002
   5.93750000000000       2.421546360269808E-002 -1.035602498023920E-002
   5.96875000000000       2.443119030322397E-002 -9.665522810589031E-003
   6.00000000000000       2.456717814809021E-002 -8.963411123103775E-003
   6.03125000000000       2.463861057489003E-002 -8.253155758342437E-003
   6.06250000000000       2.465264663602816E-002 -7.536946284191090E-003
   6.09375000000000       2.461225735771757E-002 -6.816359319967161E-003
   6.12500000000000       2.451703280471437E-002 -6.092567330239072E-003
   6.15625000000000       2.436145298836783E-002 -5.366237111958392E-003
   6.18750000000000       2.411653238989329E-002 -4.635408081758438E-003
   6.21875000000000       2.380040811466524E-002 -4.039916857921458E-003
   6.25000000000000       2.352597033285913E-002 -3.464608690403455E-003
   6.28125000000000       2.324558513239207E-002 -2.892764504992117E-003
   6.31250000000000       2.294865488567794E-002 -2.322876980717017E-003
   6.34375000000000       2.262859519668604E-002 -1.754192200720068E-003
   6.37500000000000       2.227933176684496E-002 -1.186207331539980E-003
   6.40625000000000       2.189357589520836E-002 -6.184912513047729E-004
   6.43750000000000       2.146058685111150E-002 -5.055172955857268E-005
   6.46875000000000       2.096048502118451E-002  5.184068899263323E-004
   6.50000000000000       2.033480754064104E-002  1.090650263274285E-003
   6.53125000000000       1.951690487556201E-002  1.367145464684573E-003
   6.56250000000000       1.892481684849056E-002  1.510863953693147E-003
   6.59375000000000       1.840907897015058E-002  1.650632141167987E-003
   6.62500000000000       1.793577001333214E-002  1.787967136110737E-003
   6.65625000000000       1.748976967797724E-002  1.923604103307855E-003
   6.68750000000000       1.706185917358420E-002  2.058036865893420E-003
   6.71875000000000       1.664515660637008E-002  2.191678135715727E-003
   6.75000000000000       1.623341369616902E-002  2.324952227424927E-003
   6.78125000000000       1.581943042923719E-002  2.458410959525560E-003
   6.81250000000000       1.539155718648835E-002  2.593039353478247E-003
   6.84375000000000       1.490634228344280E-002  2.732764402232185E-003
   6.87500000000000       1.440516060526273E-002  2.705949971247677E-003
   6.90625000000000       1.399457928221808E-002  2.666259308390405E-003
   6.93750000000000       1.362289418783051E-002  2.622584940222524E-003
   6.96875000000000       1.327947840531333E-002  2.575968317919286E-003
   7.00000000000000       1.295923971415943E-002  2.526919341705840E-003
   7.03125000000000       1.265925791695249E-002  2.475736975233519E-003
   7.06250000000000       1.237782134182231E-002  2.422601360903295E-003
   7.09375000000000       1.211413400032346E-002  2.367600407352125E-003
   7.12500000000000       1.186841617996774E-002  2.310715107991681E-003
   7.15625000000000       1.164271031106937E-002  2.251724202580018E-003
   7.18750000000000       1.144570897177471E-002  2.189628460531261E-003
   7.21875000000000       1.129227369422579E-002  2.174079198457006E-003
   7.25000000000000       1.110781849529129E-002  2.184300666359939E-003
   7.28125000000000       1.091481943617897E-002  2.196003477894624E-003
   7.31250000000000       1.071808306877195E-002  2.208546345736204E-003
   7.34375000000000       1.051917085553788E-002  2.221696458053095E-003
   7.37500000000000       1.031854184430110E-002  2.235360370598567E-003
   7.40625000000000       1.011606905952065E-002  2.249517717612117E-003
   7.43750000000000       9.911170153156665E-003  2.264202428607310E-003
   7.46875000000000       9.702742351605233E-003  2.279506554760634E-003
   7.50000000000000       9.488834557168552E-003  2.295611704005502E-003
   7.53125000000000       9.265509337261602E-003  2.312902301987383E-003
   7.56250000000000       9.019180658701050E-003  2.332734417042814E-003
   7.59375000000000       8.749528967368947E-003  2.292005461790928E-003
   7.62500000000000       8.517747300395643E-003  2.238010760860837E-003
   7.65625000000000       8.298848319216703E-003  2.182673498677369E-003
   7.68750000000000       8.087267967574989E-003  2.126583472274600E-003
   7.71875000000000       7.879669741059402E-003  2.070094145648445E-003
   7.75000000000000       7.673080893786414E-003  2.013516544448545E-003
   7.78125000000000       7.464040717706335E-003  1.957207927591356E-003
   7.81250000000000       7.247642745737146E-003  1.901671093311327E-003
   7.84375000000000       7.015678404849314E-003  1.847747495873134E-003
   7.87500000000000       6.751744270010967E-003  1.797130725085403E-003
   7.90625000000000       6.413406521480002E-003  1.754260738244204E-003
   7.93750000000000       5.807180519850542E-003  1.739834306387114E-003
   7.96875000000000       5.579982200583110E-003 -5.968405221053253E-007
   8.00000000000000       6.164093928453307E-003 -3.580273478438168E-007
   8.03125000000000       6.377126639846571E-003 -2.693690997041903E-007
   8.06250000000000       6.486423210105399E-003 -2.188370223792609E-007
   8.09375000000000       6.546122640780829E-003 -1.852738585304633E-007
   8.12500000000000       6.576885484973738E-003 -1.610616999519652E-007
   8.15625000000000       6.588860037536169E-003 -1.426515173736403E-007
   8.18750000000000       6.587797295600186E-003 -1.281280071973673E-007
   8.21875000000000       6.577274197019421E-003 -1.163526668160759E-007
   8.25000000000000       6.559666219850011E-003 -1.066004014343280E-007
   8.28125000000000       6.536629561673102E-003 -9.838487047504672E-008
   8.31250000000000       6.509362992080100E-003 -9.136632875409090E-008
   8.34375000000000       6.478760284956498E-003 -8.529959887973887E-008
   8.37500000000000       6.445503978269285E-003 -8.000289396249401E-008
   8.40625000000000       6.410125665556198E-003 -7.533837041186469E-008
   8.43750000000000       6.373046234686001E-003 -7.119946907718072E-008
   8.46875000000000       6.334603560922736E-003 -6.750244506789654E-008
   8.50000000000000       6.295072088841724E-003 -6.418050976479418E-008
   8.53125000000000       6.254676990623230E-003 -6.117972112469253E-008
   8.56250000000000       6.213604613632785E-003 -5.845602463196798E-008
   8.59375000000000       6.172010325485840E-003 -5.597307565423875E-008
   8.62500000000000       6.130024503428741E-003 -5.370058586910399E-008
   8.65625000000000       6.087757152335082E-003 -5.161316004615054E-008
   8.68750000000000       6.045301534887537E-003 -4.968929428411862E-008
   8.71875000000000       6.002737038880508E-003 -4.791068330617181E-008
   8.75000000000000       5.960131470227261E-003 -4.626163760573820E-008
   8.78125000000000       5.917542906023561E-003 -4.472863646826764E-008
   8.81250000000000       5.875021202749850E-003 -4.329995953253346E-008
   8.84375000000000       5.832609236831180E-003 -4.196540035893999E-008
   8.87500000000000       5.790343918176445E-003 -4.071603270127723E-008
   8.90625000000000       5.748257049555943E-003 -3.954400808840459E-008
   8.93750000000000       5.706376031049750E-003 -3.844241138955482E-008
   8.96875000000000       5.664724462112002E-003 -3.740510523745472E-008
   9.00000000000000       5.623322645422008E-003 -3.642664582136464E-008
   9.03125000000000       5.582188015528625E-003 -3.550218717583844E-008
   9.06250000000000       5.541335509768046E-003 -3.462738091005417E-008
   9.09375000000000       5.500777878655650E-003 -3.379833233902227E-008
   9.12500000000000       5.460525955669713E-003 -3.301153556111905E-008
   9.15625000000000       5.420588894871207E-003 -3.226383951961776E-008
   9.18750000000000       5.380974369498885E-003 -3.155238413576065E-008
   9.21875000000000       5.341688747871767E-003 -3.087458129660299E-008
   9.25000000000000       5.302737250576077E-003 -3.022808012398566E-008
   9.28125000000000       5.264124079091345E-003 -2.961073737980702E-008
   9.31250000000000       5.225852534228965E-003 -2.902060444459896E-008
   9.34375000000000       5.187925123805967E-003 -2.845589458160089E-008
   9.37500000000000       5.150343645295140E-003 -2.791497642212765E-008
   9.40625000000000       5.113109275965014E-003 -2.739635663739638E-008
   9.43750000000000       5.076222633187846E-003 -2.689864732042618E-008
   9.46875000000000       5.039683844991538E-003 -2.642058471874769E-008
   9.50000000000000       5.003492601844726E-003 -2.596100656411510E-008
   9.53125000000000       4.967648207707447E-003 -2.551883369891826E-008
   9.56250000000000       4.932149625161399E-003 -2.509305633404882E-008
   9.59375000000000       4.896995508578274E-003 -2.468276267258979E-008
   9.62500000000000       4.862184247460636E-003 -2.428709162656615E-008
   9.65625000000000       4.827713992787944E-003 -2.390525587947685E-008
   9.68750000000000       4.793582687194256E-003 -2.353650542809261E-008
   9.71875000000000       4.759788086341457E-003 -2.318016362139034E-008
   9.75000000000000       4.726327787659940E-003 -2.283557624046281E-008
   9.78125000000000       4.693199243953841E-003 -2.250216465500635E-008
   9.81250000000000       4.660399788679124E-003 -2.217935122489204E-008
   9.84375000000000       4.627926643661425E-003 -2.186662149453563E-008
   9.87500000000000       4.595776939643987E-003 -2.156349264240424E-008
   9.90625000000000       4.563947731440039E-003 -2.126949773534478E-008
   9.93750000000000       4.532436004232855E-003 -2.098421054439273E-008
   9.96875000000000       4.501238684618280E-003 -2.070723066411093E-008
   10.0000000000000       4.470352655123615E-003 -2.043818149690866E-008
   11.0000000000000       4.063956959203287E-003  0.000000000000000E+000
   12.0000000000000       3.725293879269679E-003  0.000000000000000E+000
   13.0000000000000       3.438732811633550E-003  0.000000000000000E+000
   14.0000000000000       3.193109039374011E-003  0.000000000000000E+000
   15.0000000000000       2.980235103415744E-003  0.000000000000000E+000
   16.0000000000000       2.793970409452260E-003  0.000000000000000E+000
   17.0000000000000       2.629619208896244E-003  0.000000000000000E+000
   18.0000000000000       2.483529252846453E-003  0.000000000000000E+000
   19.0000000000000       2.352817186907166E-003  0.000000000000000E+000
   20.0000000000000       2.235176327561808E-003  0.000000000000000E+000
   21.0000000000000       2.128739359582674E-003  0.000000000000000E+000
   22.0000000000000       2.031978479601643E-003  0.000000000000000E+000
   23.0000000000000       1.943631589184181E-003  0.000000000000000E+000
   24.0000000000000       1.862646939634840E-003  0.000000000000000E+000
   25.0000000000000       1.788141062049446E-003  0.000000000000000E+000
   26.0000000000000       1.719366405816775E-003  0.000000000000000E+000
   27.0000000000000       1.655686168564302E-003  0.000000000000000E+000
   28.0000000000000       1.596554519687005E-003  0.000000000000000E+000
   29.0000000000000       1.541500915559867E-003  0.000000000000000E+000
   30.0000000000000       1.490117551707872E-003  0.000000000000000E+000
   31.0000000000000       1.442049243588263E-003  0.000000000000000E+000
   32.0000000000000       1.396985204726130E-003  0.000000000000000E+000
   33.0000000000000       1.354652319734429E-003  0.000000000000000E+000
   34.0000000000000       1.314809604448122E-003  0.000000000000000E+000
   35.0000000000000       1.277243615749604E-003  0.000000000000000E+000
   36.0000000000000       1.241764626423226E-003  0.000000000000000E+000
   37.0000000000000       1.208203420303680E-003  0.000000000000000E+000
   38.0000000000000       1.176408593453583E-003  0.000000000000000E+000
   39.0000000000000       1.146244270544517E-003  0.000000000000000E+000
   40.0000000000000       1.117588163780904E-003  0.000000000000000E+000
   41.0000000000000       1.090329915883809E-003  0.000000000000000E+000
   42.0000000000000       1.064369679791337E-003  0.000000000000000E+000
   43.0000000000000       1.039616896540376E-003  0.000000000000000E+000
   44.0000000000000       1.015989239800822E-003  0.000000000000000E+000
   45.0000000000000       9.934117011385813E-004  0.000000000000000E+000
   46.0000000000000       9.718157945920903E-004  0.000000000000000E+000
   47.0000000000000       9.511388627922586E-004  0.000000000000000E+000
   48.0000000000000       9.313234698174198E-004  0.000000000000000E+000
   49.0000000000000       9.123168683925746E-004  0.000000000000000E+000
   50.0000000000000       8.940705310247231E-004  0.000000000000000E+000
   51.0000000000000       8.765397362987482E-004  0.000000000000000E+000
   52.0000000000000       8.596832029083875E-004  0.000000000000000E+000
   53.0000000000000       8.434627651176632E-004  0.000000000000000E+000
   54.0000000000000       8.278430842821510E-004  0.000000000000000E+000
   55.0000000000000       8.127913918406574E-004  0.000000000000000E+000
   56.0000000000000       7.982772598435027E-004  0.000000000000000E+000
   57.0000000000000       7.842723956357220E-004  0.000000000000000E+000
   58.0000000000000       7.707504577799337E-004  0.000000000000000E+000
   59.0000000000000       7.576868906989179E-004  0.000000000000000E+000
   60.0000000000000       7.450587758539359E-004  0.000000000000000E+000
   61.0000000000000       7.328446975612484E-004  0.000000000000000E+000
   62.0000000000000       7.210246217941315E-004  0.000000000000000E+000
   63.0000000000000       7.095797865275580E-004  0.000000000000000E+000
   64.0000000000000       6.984926023630649E-004  0.000000000000000E+000
   65.0000000000000       6.877465623267101E-004  0.000000000000000E+000
   66.0000000000000       6.773261598672144E-004  0.000000000000000E+000
   67.0000000000000       6.672168141975545E-004  0.000000000000000E+000
   68.0000000000000       6.574048022240610E-004  0.000000000000000E+000
   69.0000000000000       6.478771963947269E-004  0.000000000000000E+000
   70.0000000000000       6.386218078748022E-004  0.000000000000000E+000
   71.0000000000000       6.296271345244529E-004  0.000000000000000E+000
   72.0000000000000       6.208823132116132E-004  0.000000000000000E+000
   73.0000000000000       6.123770760443309E-004  0.000000000000000E+000
   74.0000000000000       6.041017101518399E-004  0.000000000000000E+000
   75.0000000000000       5.960470206831487E-004  0.000000000000000E+000
   76.0000000000000       5.882042967267915E-004  0.000000000000000E+000
   77.0000000000000       5.805652798861838E-004  0.000000000000000E+000
   78.0000000000000       5.731221352722584E-004  0.000000000000000E+000
   79.0000000000000       5.658674246991918E-004  0.000000000000000E+000
   80.0000000000000       5.587940818904519E-004  0.000000000000000E+000
   81.0000000000000       5.518953895214340E-004  0.000000000000000E+000
   82.0000000000000       5.451649579419043E-004  0.000000000000000E+000
   83.0000000000000       5.385967054365802E-004  0.000000000000000E+000
   84.0000000000000       5.321848398956685E-004  0.000000000000000E+000
   85.0000000000000       5.259238417792489E-004  0.000000000000000E+000
   86.0000000000000       5.198084482701879E-004  0.000000000000000E+000
   87.0000000000000       5.138336385199558E-004  0.000000000000000E+000
   88.0000000000000       5.079946199004108E-004  0.000000000000000E+000
   89.0000000000000       5.022868151824287E-004  0.000000000000000E+000
   90.0000000000000       4.967058505692906E-004  0.000000000000000E+000
   91.0000000000000       4.912475445190786E-004  0.000000000000000E+000
   92.0000000000000       4.859078972960451E-004  0.000000000000000E+000
   93.0000000000000       4.806830811960877E-004  0.000000000000000E+000
   94.0000000000000       4.755694313961293E-004  0.000000000000000E+000
   95.0000000000000       4.705634373814332E-004  0.000000000000000E+000
   96.0000000000000       4.656617349087099E-004  0.000000000000000E+000
   97.0000000000000       4.608610984663521E-004  0.000000000000000E+000
   98.0000000000000       4.561584341962873E-004  0.000000000000000E+000
   99.0000000000000       4.515507732448097E-004  0.000000000000000E+000
   100.000000000000       4.470352655123615E-004  0.000000000000000E+000
   101.000000000000       4.426091737746154E-004  0.000000000000000E+000
   102.000000000000       4.382698681493741E-004  0.000000000000000E+000
   103.000000000000       4.340148208857879E-004  0.000000000000000E+000
   104.000000000000       4.298416014541938E-004  0.000000000000000E+000
   105.000000000000       4.257478719165348E-004  0.000000000000000E+000
   106.000000000000       4.217313825588316E-004  0.000000000000000E+000
   107.000000000000       4.177899677685622E-004  0.000000000000000E+000
   108.000000000000       4.139215421410755E-004  0.000000000000000E+000
   109.000000000000       4.101240968003317E-004  0.000000000000000E+000
   110.000000000000       4.063956959203287E-004  0.000000000000000E+000
   111.000000000000       4.027344734345600E-004  0.000000000000000E+000
   112.000000000000       3.991386299217514E-004  0.000000000000000E+000
   113.000000000000       3.956064296569571E-004  0.000000000000000E+000
   114.000000000000       3.921361978178610E-004  0.000000000000000E+000
   115.000000000000       3.887263178368361E-004  0.000000000000000E+000
   116.000000000000       3.853752288899669E-004  0.000000000000000E+000
   117.000000000000       3.820814235148389E-004  0.000000000000000E+000
   118.000000000000       3.788434453494589E-004  0.000000000000000E+000
   119.000000000000       3.756598869851778E-004  0.000000000000000E+000
   120.000000000000       3.725293879269680E-004  0.000000000000000E+000
   121.000000000000       3.694506326548443E-004  0.000000000000000E+000
   122.000000000000       3.664223487806242E-004  0.000000000000000E+000
   123.000000000000       3.634433052946029E-004  0.000000000000000E+000
   124.000000000000       3.605123108970657E-004  0.000000000000000E+000
   125.000000000000       3.576282124098892E-004  0.000000000000000E+000
   126.000000000000       3.547898932637790E-004  0.000000000000000E+000
   127.000000000000       3.519962720569776E-004  0.000000000000000E+000
   128.000000000000       3.492463011815325E-004  0.000000000000000E+000
   129.000000000000       3.465389655134585E-004  0.000000000000000E+000
   130.000000000000       3.438732811633550E-004  0.000000000000000E+000
   131.000000000000       3.412482942842455E-004  0.000000000000000E+000
   132.000000000000       3.386630799336072E-004  0.000000000000000E+000
   133.000000000000       3.361167409867380E-004  0.000000000000000E+000
   134.000000000000       3.336084070987773E-004  0.000000000000000E+000
   135.000000000000       3.311372337128604E-004  0.000000000000000E+000
   136.000000000000       3.287024011120305E-004  0.000000000000000E+000
   137.000000000000       3.263031135126726E-004  0.000000000000000E+000
   138.000000000000       3.239385981973635E-004  0.000000000000000E+000
   139.000000000000       3.216081046851522E-004  0.000000000000000E+000
   140.000000000000       3.193109039374011E-004  0.000000000000000E+000
   141.000000000000       3.170462875974195E-004  0.000000000000000E+000
   142.000000000000       3.148135672622264E-004  0.000000000000000E+000
   143.000000000000       3.126120737848682E-004  0.000000000000000E+000
   144.000000000000       3.104411566058066E-004  0.000000000000000E+000
   145.000000000000       3.083001831119735E-004  0.000000000000000E+000
   146.000000000000       3.061885380221654E-004  0.000000000000000E+000
   147.000000000000       3.041056227975249E-004  0.000000000000000E+000
   148.000000000000       3.020508550759200E-004  0.000000000000000E+000
   149.000000000000       3.000236681291017E-004  0.000000000000000E+000
   150.000000000000       2.980235103415744E-004  0.000000000000000E+000
   151.000000000000       2.960498447101732E-004  0.000000000000000E+000
   152.000000000000       2.941021483633958E-004  0.000000000000000E+000
   153.000000000000       2.921799120995827E-004  0.000000000000000E+000
   154.000000000000       2.902826399430919E-004  0.000000000000000E+000
   155.000000000000       2.884098487176526E-004  0.000000000000000E+000
   156.000000000000       2.865610676361292E-004  0.000000000000000E+000
   157.000000000000       2.847358379059628E-004  0.000000000000000E+000
   158.000000000000       2.829337123495959E-004  0.000000000000000E+000
   159.000000000000       2.811542550392211E-004  0.000000000000000E+000
   160.000000000000       2.793970409452260E-004  0.000000000000000E+000
   161.000000000000       2.776616555977401E-004  0.000000000000000E+000
   162.000000000000       2.759476947607170E-004  0.000000000000000E+000
   163.000000000000       2.742547641180132E-004  0.000000000000000E+000
   164.000000000000       2.725824789709521E-004  0.000000000000000E+000
   165.000000000000       2.709304639468858E-004  0.000000000000000E+000
   166.000000000000       2.692983527182901E-004  0.000000000000000E+000
   167.000000000000       2.676857877319530E-004  0.000000000000000E+000
   168.000000000000       2.660924199478343E-004  0.000000000000000E+000
   169.000000000000       2.645179085871962E-004  0.000000000000000E+000
   170.000000000000       2.629619208896245E-004  0.000000000000000E+000
   171.000000000000       2.614241318785740E-004  0.000000000000000E+000
   172.000000000000       2.599042241350939E-004  0.000000000000000E+000
   173.000000000000       2.584018875793997E-004  0.000000000000000E+000
   174.000000000000       2.569168192599779E-004  0.000000000000000E+000
   175.000000000000       2.554487231499209E-004  0.000000000000000E+000
   176.000000000000       2.539973099502054E-004  0.000000000000000E+000
   177.000000000000       2.525622968996393E-004  0.000000000000000E+000
   178.000000000000       2.511434075912144E-004  0.000000000000000E+000
   179.000000000000       2.497403717946154E-004  0.000000000000000E+000
   180.000000000000       2.483529252846453E-004  0.000000000000000E+000
   181.000000000000       2.469808096753379E-004  0.000000000000000E+000
   182.000000000000       2.456237722595393E-004  0.000000000000000E+000
   183.000000000000       2.442815658537495E-004  0.000000000000000E+000
   184.000000000000       2.429539486480226E-004  0.000000000000000E+000
   185.000000000000       2.416406840607360E-004  0.000000000000000E+000
   186.000000000000       2.403415405980439E-004  0.000000000000000E+000
   187.000000000000       2.390562917178404E-004  0.000000000000000E+000
   188.000000000000       2.377847156980646E-004  0.000000000000000E+000
   189.000000000000       2.365265955091860E-004  0.000000000000000E+000
   190.000000000000       2.352817186907166E-004  0.000000000000000E+000
   191.000000000000       2.340498772316029E-004  0.000000000000000E+000
   192.000000000000       2.328308674543550E-004  0.000000000000000E+000
   193.000000000000       2.316244899027780E-004  0.000000000000000E+000
   194.000000000000       2.304305492331761E-004  0.000000000000000E+000
   195.000000000000       2.292488541089034E-004  0.000000000000000E+000
   196.000000000000       2.280792170981436E-004  0.000000000000000E+000
   197.000000000000       2.269214545748028E-004  0.000000000000000E+000
   198.000000000000       2.257753866224048E-004  0.000000000000000E+000
   199.000000000000       2.246408369408852E-004  0.000000000000000E+000
   200.000000000000       2.235176327561808E-004  0.000000000000000E+000
   201.000000000000       2.224056047325182E-004  0.000000000000000E+000
   202.000000000000       2.213045868873077E-004  0.000000000000000E+000
   203.000000000000       2.202144165085525E-004  0.000000000000000E+000
   204.000000000000       2.191349340746870E-004  0.000000000000000E+000
   205.000000000000       2.180659831767617E-004  0.000000000000000E+000
   206.000000000000       2.170074104428940E-004  0.000000000000000E+000
   207.000000000000       2.159590654649090E-004  0.000000000000000E+000
   208.000000000000       2.149208007270969E-004  0.000000000000000E+000
   209.000000000000       2.138924715370151E-004  0.000000000000000E+000
   210.000000000000       2.128739359582674E-004  0.000000000000000E+000
   211.000000000000       2.118650547451950E-004  0.000000000000000E+000
   212.000000000000       2.108656912794158E-004  0.000000000000000E+000
   213.000000000000       2.098757115081509E-004  0.000000000000000E+000
   214.000000000000       2.088949838842811E-004  0.000000000000000E+000
   215.000000000000       2.079233793080751E-004  0.000000000000000E+000
   216.000000000000       2.069607710705378E-004  0.000000000000000E+000
   217.000000000000       2.060070347983233E-004  0.000000000000000E+000
   218.000000000000       2.050620484001658E-004  0.000000000000000E+000
   219.000000000000       2.041256920147770E-004  0.000000000000000E+000
   220.000000000000       2.031978479601643E-004  0.000000000000000E+000
   221.000000000000       2.022784006843265E-004  0.000000000000000E+000
   222.000000000000       2.013672367172800E-004  0.000000000000000E+000
   223.000000000000       2.004642446243774E-004  0.000000000000000E+000
   224.000000000000       1.995693149608757E-004  0.000000000000000E+000
   225.000000000000       1.986823402277162E-004  0.000000000000000E+000
   226.000000000000       1.978032148284786E-004  0.000000000000000E+000
   227.000000000000       1.969318350274720E-004  0.000000000000000E+000
   228.000000000000       1.960680989089305E-004  0.000000000000000E+000
   229.000000000000       1.952119063372758E-004  0.000000000000000E+000
   230.000000000000       1.943631589184181E-004  0.000000000000000E+000
   231.000000000000       1.935217599620613E-004  0.000000000000000E+000
   232.000000000000       1.926876144449834E-004  0.000000000000000E+000
   233.000000000000       1.918606289752625E-004  0.000000000000000E+000
   234.000000000000       1.910407117574195E-004  0.000000000000000E+000
   235.000000000000       1.902277725584517E-004  0.000000000000000E+000
   236.000000000000       1.894217226747295E-004  0.000000000000000E+000
   237.000000000000       1.886224748997306E-004  0.000000000000000E+000
   238.000000000000       1.878299434925889E-004  0.000000000000000E+000
   239.000000000000       1.870440441474316E-004  0.000000000000000E+000
   240.000000000000       1.862646939634840E-004  0.000000000000000E+000
   241.000000000000       1.854918114159176E-004  0.000000000000000E+000
   242.000000000000       1.847253163274221E-004  0.000000000000000E+000
   243.000000000000       1.839651298404780E-004  0.000000000000000E+000
   244.000000000000       1.832111743903121E-004  0.000000000000000E+000
   245.000000000000       1.824633736785149E-004  0.000000000000000E+000
   246.000000000000       1.817216526473014E-004  0.000000000000000E+000
   247.000000000000       1.809859374543974E-004  0.000000000000000E+000
   248.000000000000       1.802561554485329E-004  0.000000000000000E+000
   249.000000000000       1.795322351455267E-004  0.000000000000000E+000
   250.000000000000       1.788141062049446E-004  0.000000000000000E+000
   251.000000000000       1.781016994073154E-004  0.000000000000000E+000
   252.000000000000       1.773949466318895E-004  0.000000000000000E+000
   253.000000000000       1.766937808349255E-004  0.000000000000000E+000
   254.000000000000       1.759981360284888E-004  0.000000000000000E+000
   255.000000000000       1.753079472597496E-004  0.000000000000000E+000
   256.000000000000       1.746231505907662E-004  0.000000000000000E+000
   257.000000000000       1.739436830787399E-004  0.000000000000000E+000
   258.000000000000       1.732694827567293E-004  0.000000000000000E+000
   259.000000000000       1.726004886148114E-004  0.000000000000000E+000
   260.000000000000       1.719366405816775E-004  0.000000000000000E+000
   261.000000000000       1.712778795066519E-004  0.000000000000000E+000
   262.000000000000       1.706241471421227E-004  0.000000000000000E+000
   263.000000000000       1.699753861263732E-004  0.000000000000000E+000
   264.000000000000       1.693315399668036E-004  0.000000000000000E+000
   265.000000000000       1.686925530235327E-004  0.000000000000000E+000
   266.000000000000       1.680583704933690E-004  0.000000000000000E+000
   267.000000000000       1.674289383941429E-004  0.000000000000000E+000
   268.000000000000       1.668042035493886E-004  0.000000000000000E+000
   269.000000000000       1.661841135733686E-004  0.000000000000000E+000
   270.000000000000       1.655686168564302E-004  0.000000000000000E+000
   271.000000000000       1.649576625506869E-004  0.000000000000000E+000
   272.000000000000       1.643512005560153E-004  0.000000000000000E+000
   273.000000000000       1.637491815063595E-004  0.000000000000000E+000
   274.000000000000       1.631515567563363E-004  0.000000000000000E+000
   275.000000000000       1.625582783681315E-004  0.000000000000000E+000
   276.000000000000       1.619692990986817E-004  0.000000000000000E+000
   277.000000000000       1.613845723871341E-004  0.000000000000000E+000
   278.000000000000       1.608040523425761E-004  0.000000000000000E+000
   279.000000000000       1.602276937320292E-004  0.000000000000000E+000
   280.000000000000       1.596554519687006E-004  0.000000000000000E+000
   281.000000000000       1.590872831004845E-004  0.000000000000000E+000
   282.000000000000       1.585231437987098E-004  0.000000000000000E+000
   283.000000000000       1.579629913471242E-004  0.000000000000000E+000
   284.000000000000       1.574067836311132E-004  0.000000000000000E+000
   285.000000000000       1.568544791271444E-004  0.000000000000000E+000
   286.000000000000       1.563060368924341E-004  0.000000000000000E+000
   287.000000000000       1.557614165548298E-004  0.000000000000000E+000
   288.000000000000       1.552205783029033E-004  0.000000000000000E+000
   289.000000000000       1.546834828762497E-004  0.000000000000000E+000
   290.000000000000       1.541500915559867E-004  0.000000000000000E+000
   291.000000000000       1.536203661554507E-004  0.000000000000000E+000
   292.000000000000       1.530942690110827E-004  0.000000000000000E+000
   293.000000000000       1.525717629735022E-004  0.000000000000000E+000
   294.000000000000       1.520528113987624E-004  0.000000000000000E+000
   295.000000000000       1.515373781397836E-004  0.000000000000000E+000
   296.000000000000       1.510254275379600E-004  0.000000000000000E+000
   297.000000000000       1.505169244149366E-004  0.000000000000000E+000
   298.000000000000       1.500118340645508E-004  0.000000000000000E+000
   299.000000000000       1.495101222449370E-004  0.000000000000000E+000
   300.000000000000       1.490117551707872E-004  0.000000000000000E+000
   301.000000000000       1.485166995057680E-004  0.000000000000000E+000
   302.000000000000       1.480249223550866E-004  0.000000000000000E+000
   303.000000000000       1.475363912582051E-004  0.000000000000000E+000
   304.000000000000       1.470510741816979E-004  0.000000000000000E+000
   305.000000000000       1.465689395122497E-004  0.000000000000000E+000
   306.000000000000       1.460899560497914E-004  0.000000000000000E+000
   307.000000000000       1.456140930007692E-004  0.000000000000000E+000
   308.000000000000       1.451413199715459E-004  0.000000000000000E+000
   309.000000000000       1.446716069619293E-004  0.000000000000000E+000
   310.000000000000       1.442049243588263E-004  0.000000000000000E+000
