  0.000000000000000E+000 -0.809967143271027      -3.705729303981750E-018
  7.812500000000000E-003 -0.810512482963922      -9.482929702844995E-004
  1.562500000000000E-002 -0.812308605414877      -3.018664072741279E-003
  2.343750000000000E-002 -0.813656648626184      -6.108771031875667E-003
  3.125000000000000E-002 -0.814801349088328      -9.178108324972598E-003
  3.906250000000000E-002 -0.814878361390783      -1.258073395547351E-002
  4.687500000000000E-002 -0.816770078787700      -1.452817234417871E-002
  5.468750000000000E-002 -0.818415791954413      -1.886253656883091E-002
  6.250000000000000E-002 -0.819706428649939      -2.273433503761046E-002
  7.031250000000000E-002 -0.821312416541337      -2.795772083398184E-002
  7.812500000000000E-002 -0.821705140317809      -3.622005438451790E-002
  8.593750000000000E-002 -0.812060253212105      -4.014672244856240E-002
  9.375000000000000E-002 -0.809064588959955      -3.789329360163227E-002
  0.101562500000000      -0.807677694826511      -3.327049413566147E-002
  0.109375000000000      -0.813003258540713      -2.718915713256807E-002
  0.117187500000000      -0.821410836210742      -2.922374030928373E-002
  0.125000000000000      -0.829768245855084      -3.246243562134390E-002
  0.132812500000000      -0.833574799808234      -3.702563473602136E-002
  0.140625000000000      -0.841293462966004      -4.051034543729078E-002
  0.148437500000000      -0.849057662514487      -4.882547701572994E-002
  0.156250000000000      -0.855533247737762      -5.948051050911063E-002
  0.164062500000000      -0.856368813589085      -7.184994869454886E-002
  0.171875000000000      -0.857088726431271      -8.226061816131516E-002
  0.179687500000000      -0.853500090520742      -9.362250990346155E-002
  0.187500000000000      -0.849960907569913      -0.100700121892580     
  0.195312500000000      -0.844736728369795      -0.108420585495333     
  0.203125000000000      -0.839914462561093      -0.106951974677899     
  0.210937500000000      -0.843175967901625      -0.107256213382942     
  0.218750000000000      -0.850331381015095      -0.115055995779790     
  0.226562500000000      -0.851813518206992      -0.127588393434926     
  0.234375000000000      -0.848104096936665      -0.144158684312211     
  0.242187500000000      -0.830712409514550      -0.153288092506282     
  0.250000000000000      -0.817288015617504      -0.153468727275725     
  0.257812500000000      -0.804454659060567      -0.150161998261269     
  0.265625000000000      -0.795717348907213      -0.135620193002422     
  0.273437500000000      -0.795069758097303      -0.121250421524351     
  0.281250000000000      -0.803229234103100      -9.569180492404523E-002
  0.289062500000000      -0.834870738805643      -9.807838622377449E-002
  0.296875000000000      -0.851286821376793      -0.108992954567515     
  0.304687500000000      -0.862402325541716      -0.124021717066105     
  0.312500000000000      -0.861345795211749      -0.137184167950024     
  0.320312500000000      -0.860867758941826      -0.144125978421684     
  0.328125000000000      -0.861297254710962      -0.148709960642341     
  0.335937500000000      -0.861957157655578      -0.151810125339977     
  0.343750000000000      -0.864928588578341      -0.151878173467151     
  0.351562500000000      -0.872425026223291      -0.150468700121633     
  0.359375000000000      -0.890851104387802      -0.152233061779286     
  0.367187500000000      -0.905112162218555      -0.168354127665443     
  0.375000000000000      -0.914240590906876      -0.186841585078519     
  0.382812500000000      -0.919786024178233      -0.209914940990148     
  0.390625000000000      -0.907827838962103      -0.234116151997099     
  0.398437500000000      -0.894176397596877      -0.244869154694122     
  0.406250000000000      -0.880186877171791      -0.248658433467810     
  0.414062500000000      -0.868762181151331      -0.239620947968262     
  0.421875000000000      -0.878111717148995      -0.234272199486956     
  0.429687500000000      -0.884863744334341      -0.236112785850851     
  0.437500000000000      -0.891505428100222      -0.239428664573254     
  0.445312500000000      -0.899969395682923      -0.243286128417836     
  0.453125000000000      -0.908744565916900      -0.252143209871881     
  0.460937500000000      -0.916010377548478      -0.261793967163961     
  0.468750000000000      -0.923234502084079      -0.272608481259443     
  0.476562500000000      -0.930671334275452      -0.286730145817093     
  0.484375000000000      -0.930888858033496      -0.300726917477085     
  0.492187500000000      -0.933591666675503      -0.311283698786978     
  0.500000000000000      -0.938646939603716      -0.322797613243712     
  0.507812500000000      -0.945559488370235      -0.338292847195196     
  0.515625000000000      -0.945775482419099      -0.360252770742669     
  0.523437500000000      -0.941611694259988      -0.377253886196761     
  0.531250000000000      -0.936874764003665      -0.392601420354559     
  0.539062500000000      -0.931277430057489      -0.407134367210972     
  0.546875000000000      -0.923313010261283      -0.421134128148976     
  0.554687500000000      -0.916269066870117      -0.429203585108866     
  0.562500000000000      -0.912083058276954      -0.438837460042925     
  0.570312500000000      -0.907103459338246      -0.450100759979219     
  0.578125000000000      -0.899136374358046      -0.460813421152555     
  0.585937500000000      -0.890910919102131      -0.465582770236464     
  0.593750000000000      -0.887624886166490      -0.471669301682498     
  0.601562500000000      -0.883886211443104      -0.478914131118676     
  0.609375000000000      -0.879421777874075      -0.486219709858368     
  0.617187500000000      -0.873562351856894      -0.492659309101518     
  0.625000000000000      -0.866621834616623      -0.491999184160568     
  0.632812500000000      -0.870538843400415      -0.492668351891133     
  0.640625000000000      -0.875028349995668      -0.497510894581068     
  0.648437500000000      -0.879751352786516      -0.504299700296421     
  0.656250000000000      -0.885091783168473      -0.512351835408243     
  0.664062500000000      -0.893065784748983      -0.521895274473332     
  0.671875000000000      -0.898513553273221      -0.538804237752749     
  0.679687500000000      -0.900951113827368      -0.554683682743446     
  0.687500000000000      -0.902404395421949      -0.570759016499606     
  0.695312500000000      -0.902974809854763      -0.587250172596177     
  0.703125000000000      -0.902428507972014      -0.603930840987658     
  0.710937500000000      -0.902077483815977      -0.618868540181815     
  0.718750000000000      -0.904081866718766      -0.635935651353595     
  0.726562500000000      -0.906345204818796      -0.655854556084130     
  0.734375000000000      -0.908127691524640      -0.679588434834893     
  0.742187500000000      -0.907452680881688      -0.708857643702292     
  0.750000000000000      -0.897667311657200      -0.745585773176526     
  0.757812500000000      -0.868737406237147      -0.766147792709808     
  0.765625000000000      -0.855432125572198      -0.778362566681332     
  0.773437500000000      -0.845723033419427      -0.793873086729194     
  0.781250000000000      -0.836645692476529      -0.812304636343607     
  0.789062500000000      -0.826671882875274      -0.833481650725380     
  0.796875000000000      -0.814490531080354      -0.857199374021580     
  0.804687500000000      -0.797775999824990      -0.882447619683654     
  0.812500000000000      -0.778514289037369      -0.906591670434817     
  0.820312500000000      -0.756349422580980      -0.931589721098098     
  0.828125000000000      -0.729509230677330      -0.957341675405592     
  0.835937500000000      -0.695598014405110      -0.982827910768881     
  0.843750000000000      -0.650794731838508       -1.00489523646637     
  0.851562500000000      -0.587963807226272       -1.00615506136280     
  0.859375000000000      -0.554214938661111      -0.985327676539373     
  0.867187500000000      -0.529031495571341      -0.971630593041236     
  0.875000000000000      -0.507235516222523      -0.960070079781165     
  0.882812500000000      -0.487701557406592      -0.948988192850552     
  0.890625000000000      -0.470425041351128      -0.937236457304838     
  0.898437500000000      -0.456543832320790      -0.923563428869686     
  0.906250000000000      -0.454126096590583      -0.909350145486181     
  0.914062500000000      -0.453523310948619      -0.908632664271335     
  0.921875000000000      -0.449409921437916      -0.912355542272434     
  0.929687500000000      -0.442541907047843      -0.918802137495536     
  0.937500000000000      -0.433012774961378      -0.927260671863111     
  0.945312500000000      -0.420724076571710      -0.937387468429865     
  0.953125000000000      -0.405478015765630      -0.949445008341352     
  0.960937500000000      -0.381946135130698      -0.966355170437625     
  0.968750000000000      -0.349375328344118      -0.973050669565781     
  0.976562500000000      -0.316156968967494      -0.973550281186957     
  0.984375000000000      -0.282150981361138      -0.968589945213464     
  0.992187500000000      -0.247785110915118      -0.957627290420549     
   1.00000000000000      -0.213934944914304      -0.939483831627483     
   1.00781250000000      -0.182244759199409      -0.911974314392048     
   1.01562500000000      -0.157097513091371      -0.867880402807049     
   1.02343750000000      -0.170486496148401      -0.828340293071417     
   1.03125000000000      -0.181043859565723      -0.809009109763550     
   1.03906250000000      -0.189680554949013      -0.795959832281808     
   1.04687500000000      -0.197266669586408      -0.786832548863742     
   1.05468750000000      -0.204346006624815      -0.780706037535603     
   1.06250000000000      -0.211442682368873      -0.777332021647251     
   1.07031250000000      -0.219339972379794      -0.777229214490651     
   1.07812500000000      -0.229101217251730      -0.786269015477978     
   1.08593750000000      -0.224911808052827      -0.799052061432156     
   1.09375000000000      -0.217426160077128      -0.808427008230287     
   1.10156250000000      -0.207447388434705      -0.816371258269752     
   1.10937500000000      -0.195056403326152      -0.823016958815736     
   1.11718750000000      -0.180233350063101      -0.827997067290088     
   1.12500000000000      -0.163024049125733      -0.830536690475419     
   1.13281250000000      -0.143750328448121      -0.829262932187883     
   1.14062500000000      -0.123768020830842      -0.820474035397919     
   1.14843750000000      -0.115590752877121      -0.810686963182475     
   1.15625000000000      -0.105987617033341      -0.805419885780808     
   1.16406250000000      -9.536498391286001E-002 -0.800484418658351     
   1.17187500000000      -8.407745123908540E-002 -0.795013068056223     
   1.17968750000000      -7.245321857716944E-002 -0.788523701939939     
   1.18750000000000      -6.086862924449234E-002 -0.780654227110768     
   1.19531250000000      -4.981691917064389E-002 -0.771052996952478     
   1.20312500000000      -4.009871783071908E-002 -0.759160694079291     
   1.21093750000000      -3.650571654399576E-002 -0.744711695517028     
   1.21875000000000      -3.541324318617990E-002 -0.737146648085935     
   1.22656250000000      -3.274992874707607E-002 -0.731454426799024     
   1.23437500000000      -2.918846883185046E-002 -0.726537874000537     
   1.24218750000000      -2.503276079617479E-002 -0.722016512732903     
   1.25000000000000      -2.048956249315866E-002 -0.717725790961378     
   1.25781250000000      -1.573186972048015E-002 -0.713632370822502     
   1.26562500000000      -1.092459696627710E-002 -0.709858077152508     
   1.27343750000000      -6.232579555896917E-003 -0.706901113012557     
   1.28125000000000       5.175307938536859E-004 -0.706890135821433     
   1.28906250000000       1.083650121243964E-002 -0.703752647083111     
   1.29687500000000       2.107955745976160E-002 -0.698573345950980     
   1.30468750000000       3.110946083402768E-002 -0.691880163016158     
   1.31250000000000       4.073769436587812E-002 -0.683806515049735     
   1.32031250000000       4.973310649670055E-002 -0.674391493541881     
   1.32812500000000       5.779869394083004E-002 -0.663635881320944     
   1.33593750000000       6.451545382435869E-002 -0.651512910263839     
   1.34375000000000       6.917138814530237E-002 -0.637936400148698     
   1.35156250000000       6.959697340095349E-002 -0.622377901545645     
   1.35937500000000       6.378916269193075E-002 -0.614988977003578     
   1.36718750000000       6.290935859217847E-002 -0.610589547490642     
   1.37500000000000       6.390538511631506E-002 -0.606463050485221     
   1.38281250000000       6.606254438028317E-002 -0.602217893046620     
   1.39062500000000       6.900859968579162E-002 -0.597645135032598     
   1.39843750000000       7.248327330617026E-002 -0.592600997718677     
   1.40625000000000       7.626607099666216E-002 -0.586971406338517     
   1.41406250000000       8.013966785495759E-002 -0.580653190307308     
   1.42187500000000       8.385149905314226E-002 -0.573522941149860     
   1.42968750000000       8.692403230684920E-002 -0.565162546718171     
   1.43750000000000       8.770664732149713E-002 -0.557589218273316     
   1.44531250000000       8.893883355284536E-002 -0.550800505845706     
   1.45312500000000       9.022458019995500E-002 -0.544037537933682     
   1.46093750000000       9.138741191473543E-002 -0.537159190376720     
   1.46875000000000       9.228031262663133E-002 -0.530112445072233     
   1.47656250000000       9.275436253660127E-002 -0.522886819465647     
   1.48437500000000       9.263989145211560E-002 -0.515504609790826     
   1.49218750000000       9.171883256548885E-002 -0.508024118706083     
   1.50000000000000       8.965447289980701E-002 -0.500558587964509     
   1.50781250000000       8.567795810075751E-002 -0.493355867675500     
   1.51562500000000       7.862896527517713E-002 -0.490659529090232     
   1.52343750000000       7.606625998467817E-002 -0.490689668782978     
   1.53125000000000       7.526269414955973E-002 -0.490275511147696     
   1.53906250000000       7.544224932498465E-002 -0.489449539356230     
   1.54687500000000       7.626738484900887E-002 -0.488222294058164     
   1.55468750000000       7.753324669512338E-002 -0.486599572412672     
   1.56250000000000       7.909293106803227E-002 -0.484585595252397     
   1.57031250000000       8.082881783814630E-002 -0.482183064689063     
   1.57812500000000       8.263826439186077E-002 -0.479389952978570     
   1.58593750000000       8.442358901440804E-002 -0.476186230254547     
   1.59375000000000       8.607605001047693E-002 -0.472456296902266     
   1.60156250000000       8.643161245063291E-002 -0.468117551725160     
   1.60937500000000       8.636542311012571E-002 -0.465089667019400     
   1.61718750000000       8.655181014229588E-002 -0.462483386710859     
   1.62500000000000       8.692215581607393E-002 -0.460112407540868     
   1.63281250000000       8.744252533663527E-002 -0.457917871638348     
   1.64062500000000       8.809535181897263E-002 -0.455885170086080     
   1.64843750000000       8.887588754098975E-002 -0.454026295586596     
   1.65625000000000       8.979402024222202E-002 -0.452378036874997     
   1.66406250000000       9.088206518813141E-002 -0.451010650281245     
   1.67187500000000       9.221676750171456E-002 -0.450055765736366     
   1.67968750000000       9.399748147658261E-002 -0.449804822426854     
   1.68750000000000       9.777454717405699E-002 -0.451463016755146     
   1.69531250000000       0.104759493602074      -0.449160117295119     
   1.70312500000000       0.110457508606516      -0.445169840078157     
   1.71093750000000       0.115497847477730      -0.440303948382604     
   1.71875000000000       0.119999741213686      -0.434769475511952     
   1.72656250000000       0.123991060438735      -0.428665881481577     
   1.73437500000000       0.127461199585300      -0.422052373712684     
   1.74218750000000       0.130374759766888      -0.414968802903524     
   1.75000000000000       0.132673016287842      -0.407443953194617     
   1.75781250000000       0.134266348083239      -0.399498479217010     
   1.76562500000000       0.135009659084001      -0.391143171895219     
   1.77343750000000       0.134616354424097      -0.382364572728574     
   1.78125000000000       0.131768988528181      -0.372964359430272     
   1.78906250000000       0.127695921756491      -0.368027613683523     
   1.79687500000000       0.125350531098539      -0.363356689314841     
   1.80468750000000       0.123481500700371      -0.358640027941697     
   1.81250000000000       0.121788840086168      -0.353808023736233     
   1.82031250000000       0.120110498397126      -0.348825743292496     
   1.82812500000000       0.118330354795515      -0.343669310761363     
   1.83593750000000       0.116347256924030      -0.338317740854539     
   1.84375000000000       0.114057721646776      -0.332747891245372     
   1.85156250000000       0.111339191272572      -0.326928730223575     
   1.85937500000000       0.108022947635491      -0.320810816191650     
   1.86718750000000       0.103828805078659      -0.314298914783993     
   1.87500000000000       9.811355655783803E-002 -0.307140165150948     
   1.88281250000000       8.682500232992800E-002 -0.300778184561784     
   1.89062500000000       7.723102182939404E-002 -0.301564943533922     
   1.89843750000000       7.016293618583942E-002 -0.303006266620216     
   1.90625000000000       6.438948668106763E-002 -0.304698519183843     
   1.91406250000000       5.948655657790417E-002 -0.306540318671696     
   1.92187500000000       5.523892207043682E-002 -0.308494691979033     
   1.92968750000000       5.151997051640896E-002 -0.310548981927245     
   1.93750000000000       4.825063204812871E-002 -0.312703278380100     
   1.94531250000000       4.538246390222268E-002 -0.314966913841383     
   1.95312500000000       4.289117837839795E-002 -0.317358765160740     
   1.96093750000000       4.077734684712799E-002 -0.319911450861115     
   1.96875000000000       3.907745639271221E-002 -0.322684188802224     
   1.97656250000000       3.790726384671315E-002 -0.325809585798041     
   1.98437500000000       3.794060966940545E-002 -0.330024093208198     
   1.99218750000000       4.068506390063836E-002 -0.331455272832909     
   2.00000000000000       4.212795547588168E-002 -0.331492712095405     
   2.00781250000000       4.292180240095097E-002 -0.330994297900373     
   2.01562500000000       4.320399488193898E-002 -0.330146125998722     
   2.02343750000000       4.301425740710690E-002 -0.329026340885399     
   2.03125000000000       4.234031363319286E-002 -0.327667619906004     
   2.03906250000000       4.112248951718971E-002 -0.326075430975804     
   2.04687500000000       3.924001490703213E-002 -0.324236860069434     
   2.05468750000000       3.647903251318411E-002 -0.322131182831668     
   2.06250000000000       3.247254818763766E-002 -0.319752350987946     
   2.07031250000000       2.658365038504245E-002 -0.317161120813818     
   2.07812500000000       1.762971654175953E-002 -0.314618468901202     
   2.08593750000000       2.950194741439629E-003 -0.313099715405906     
   2.09375000000000      -2.811277166490068E-002 -0.322726944913423     
   2.10156250000000      -3.436274318136283E-002 -0.359624700001441     
   2.10937500000000      -2.488175945157320E-002 -0.387696924214375     
   2.11718750000000      -7.522886754133261E-003 -0.406858992315283     
   2.12500000000000       1.227675892864125E-002 -0.417075209578645     
   2.13281250000000       3.087088603442151E-002 -0.420227725361129     
   2.14062500000000       4.657036235083378E-002 -0.418750315146598     
   2.14843750000000       5.902648494730051E-002 -0.414698163238732     
   2.15625000000000       6.854294303585520E-002 -0.409492673045840     
   2.16406250000000       7.563217599211726E-002 -0.404010972919111     
   2.17187500000000       8.080149571719478E-002 -0.398758281589394     
   2.17968750000000       8.447383945510564E-002 -0.394017788848569     
   2.18750000000000       8.696870047757589E-002 -0.389960552108149     
   2.19531250000000       8.849730400568791E-002 -0.386735247756000     
   2.20312500000000       8.911614486607643E-002 -0.384616302133332     
   2.21093750000000       8.951746706593834E-002 -0.385454063496343     
   2.21875000000000       9.286160986436687E-002 -0.386293955965764     
   2.22656250000000       9.661824248421799E-002 -0.386385953444976     
   2.23437500000000       0.100557311672539      -0.386098059012982     
   2.24218750000000       0.104611561572177      -0.385543135660656     
   2.25000000000000       0.108755690206435      -0.384770666146436     
   2.25781250000000       0.112982147918821      -0.383802966797021     
   2.26562500000000       0.117292839670192      -0.382646351596764     
   2.27343750000000       0.121695432059191      -0.381294727408681     
   2.28125000000000       0.126201245891230      -0.379729809522377     
   2.28906250000000       0.130823551678927      -0.377918979856886     
   2.29687500000000       0.135575524333417      -0.375810409695977     
   2.30468750000000       0.140466969388180      -0.373323336870269     
   2.31250000000000       0.145497940176189      -0.370326403946651     
   2.32031250000000       0.150642707710553      -0.366572899959812     
   2.32812500000000       0.155761995879453      -0.361226654646120     
   2.33593750000000       0.157630615705083      -0.355507221468919     
   2.34375000000000       0.159473354506018      -0.351277855768309     
   2.35156250000000       0.161359004183156      -0.347453229809718     
   2.35937500000000       0.163270172839491      -0.343836825473829     
   2.36718750000000       0.165198710487980      -0.340335929718585     
   2.37500000000000       0.167138837574276      -0.336894436094101     
   2.38281250000000       0.169085280886002      -0.333473196003623     
   2.39062500000000       0.171032553893275      -0.330042053326027     
   2.39843750000000       0.172974615785184      -0.326575904898537     
   2.40625000000000       0.174904693612861      -0.323052376048375     
   2.41406250000000       0.176815206315867      -0.319450097128710     
   2.42187500000000       0.178697805350480      -0.315746926766458     
   2.42968750000000       0.180543650555594      -0.311917272063857     
   2.43750000000000       0.182344361426034      -0.307926402030168     
   2.44531250000000       0.184095678732164      -0.303713405704401     
   2.45312500000000       0.185823400492826      -0.299091511649463     
   2.46093750000000       0.186492684180298      -0.293735634103494     
   2.46875000000000       0.186533515655258      -0.289162703294965     
   2.47656250000000       0.186451959132050      -0.284933069553802     
   2.48437500000000       0.186284651708817      -0.280927485030572     
   2.49218750000000       0.186046464730474      -0.277090306792810     
   2.50000000000000       0.185744240531110      -0.273388396703381     
   2.53125000000000       0.183912686390563      -0.259575963451813     
   2.56250000000000       0.180864167286610      -0.246959175683129     
   2.59375000000000       0.175120531256177      -0.236654556020549     
   2.62500000000000       0.171904501300623      -0.230305384580463     
   2.65625000000000       0.170050417127606      -0.223676924407802     
   2.68750000000000       0.168638649816357      -0.216851518224314     
   2.71875000000000       0.167297510970979      -0.209688134357729     
   2.75000000000000       0.164633564817328      -0.202512204455971     
   2.78125000000000       0.162045643108501      -0.196738399380684     
   2.81250000000000       0.159758289093152      -0.191507593073093     
   2.84375000000000       0.157679806661159      -0.186758940401108     
   2.87500000000000       0.156002735862617      -0.182951884062880     
   2.90625000000000       0.155909277676434      -0.178480621192850     
   2.93750000000000       0.155537494546682      -0.173312929458427     
   2.96875000000000       0.154905423824122      -0.167846954722475     
   3.00000000000000       0.153981496925390      -0.162201384515761     
   3.03125000000000       0.152773376998024      -0.156382052106875     
   3.06250000000000       0.150995000749266      -0.150480177519435     
   3.09375000000000       0.148765493947678      -0.144632883842590     
   3.12500000000000       0.145961637894943      -0.138802156500287     
   3.15625000000000       0.142297615906333      -0.132985511463489     
   3.18750000000000       0.136538956672568      -0.127146580026507     
   3.21875000000000       0.130140658317402      -0.126519702363632     
   3.25000000000000       0.126453507180398      -0.126259716021234     
   3.28125000000000       0.123886933666156      -0.126110431399982     
   3.31250000000000       0.122247047412398      -0.126079681946050     
   3.34375000000000       0.121752271115570      -0.126223847263498     
   3.37500000000000       0.123556054111683      -0.124731462311146     
   3.40625000000000       0.123792528566730      -0.121337458060689     
   3.43750000000000       0.123237780598517      -0.117822018500807     
   3.46875000000000       0.122116676589288      -0.114238644014661     
   3.50000000000000       0.120383959983440      -0.110607376918113     
   3.53125000000000       0.117557060098320      -0.106918776048277     
   3.56250000000000       0.113714579785876      -0.105821680409900     
   3.59375000000000       0.111537834110927      -0.105294148950692     
   3.62500000000000       0.109985313572128      -0.104818395676012     
   3.65625000000000       0.108906159178887      -0.104395137102110     
   3.68750000000000       0.108320379329982      -0.104043575907438     
   3.71875000000000       0.108588164745341      -0.103841809916542     
   3.75000000000000       0.109811881823156      -0.101792657821942     
   3.78125000000000       0.109911068885898      -9.923746624671040E-002
   3.81250000000000       0.109569460235918      -9.659669056756874E-002
   3.84375000000000       0.108875389437439      -9.389705753337696E-002
   3.87500000000000       0.107803669876082      -9.114676374505087E-002
   3.90625000000000       0.106160907432768      -8.833367925473214E-002
   3.93750000000000       0.103388296292949      -8.659459427022430E-002
   3.96875000000000       0.101586116013157      -8.577392356473892E-002
   4.00000000000000       0.100194901508449      -8.500480306234097E-002
   4.03125000000000       9.905233172478091E-002 -8.427230887834851E-002
   4.06250000000000       9.810741348526163E-002 -8.357657441873861E-002
   4.09375000000000       9.736136665626928E-002 -8.292831685592936E-002
   4.12500000000000       9.698724557188651E-002 -8.238143024911557E-002
   4.15625000000000       9.684622284000305E-002 -8.117334033060704E-002
   4.18750000000000       9.645017365194468E-002 -7.987578536164741E-002
   4.21875000000000       9.595038259303337E-002 -7.854429141229333E-002
   4.25000000000000       9.536325066451613E-002 -7.719264220423162E-002
   4.28125000000000       9.467584194486788E-002 -7.582786495566826E-002
   4.31250000000000       9.383657077003038E-002 -7.445356332824125E-002
   4.34375000000000       9.251531800395936E-002 -7.314849863372661E-002
   4.37500000000000       9.139297392821885E-002 -7.275994541994370E-002
   4.40625000000000       9.069062516830063E-002 -7.239220415964832E-002
   4.43750000000000       9.022189609198139E-002 -7.203771988776260E-002
   4.46875000000000       8.995835770281553E-002 -7.169784522583710E-002
   4.50000000000000       8.991792770262035E-002 -7.137733567356812E-002
   4.53125000000000       9.017766151326254E-002 -7.108668542723978E-002
   4.56250000000000       9.105247726938727E-002 -7.086105260902555E-002
   4.59375000000000       9.267072603372857E-002 -6.906895760447199E-002
   4.62500000000000       9.319509705745463E-002 -6.680528515523418E-002
   4.65625000000000       9.327676429446972E-002 -6.449146432872116E-002
   4.68750000000000       9.302144558532011E-002 -6.214341401861562E-002
   4.71875000000000       9.244750592959365E-002 -5.976819825532300E-002
   4.75000000000000       9.151904560987266E-002 -5.736862059600802E-002
   4.78125000000000       9.010304590360481E-002 -5.494177541919332E-002
   4.81250000000000       8.739153236347030E-002 -5.287614535361794E-002
   4.84375000000000       8.525434801568059E-002 -5.262180555334711E-002
   4.87500000000000       8.377300845134998E-002 -5.240718563770040E-002
   4.90625000000000       8.260007446668019E-002 -5.221195888569944E-002
   4.93750000000000       8.163605723497500E-002 -5.203129611726075E-002
   4.96875000000000       8.083685137318775E-002 -5.186406578536090E-002
   5.00000000000000       8.018396419367248E-002 -5.171140273646765E-002
   5.03125000000000       7.968287089800417E-002 -5.157793485704228E-002
   5.06250000000000       7.945978344824307E-002 -5.142547746803575E-002
   5.09375000000000       7.925385729830210E-002 -5.097674619238950E-002
   5.12500000000000       7.900151823320097E-002 -5.050936877983161E-002
   5.15625000000000       7.875434265684968E-002 -5.003495709732497E-002
   5.18750000000000       7.852678342321265E-002 -4.955728362475561E-002
   5.21875000000000       7.832706006824734E-002 -4.907855238940734E-002
   5.25000000000000       7.816320410309971E-002 -4.860056854648773E-002
   5.28125000000000       7.804822535382891E-002 -4.812545412707251E-002
   5.31250000000000       7.802173316595999E-002 -4.765782066505483E-002
   5.34375000000000       7.811742849722560E-002 -4.700068981257115E-002
   5.37500000000000       7.808752203973147E-002 -4.627125447381093E-002
   5.40625000000000       7.801848050982811E-002 -4.553638249250359E-002
   5.43750000000000       7.792757857229687E-002 -4.479846943696970E-002
   5.46875000000000       7.782133737303300E-002 -4.405887096848464E-002
   5.50000000000000       7.770192531524055E-002 -4.331861887467348E-002
   5.53125000000000       7.756789949955825E-002 -4.257866632864003E-002
   5.56250000000000       7.741120031182901E-002 -4.184008531926624E-002
   5.59375000000000       7.718783127231407E-002 -4.110470985755846E-002
   5.62500000000000       7.696032482496459E-002 -4.057780453805542E-002
   5.65625000000000       7.686942684032205E-002 -4.006229692128754E-002
   5.68750000000000       7.684944279964964E-002 -3.954739381735997E-002
   5.71875000000000       7.689494965916606E-002 -3.903398407286184E-002
   5.75000000000000       7.701108097301163E-002 -3.852305810067948E-002
   5.78125000000000       7.721137034262308E-002 -3.801594470042816E-002
   5.81250000000000       7.752196499149173E-002 -3.751471468070245E-002
   5.84375000000000       7.799727607090137E-002 -3.702329940318866E-002
   5.87500000000000       7.880232529861390E-002 -3.655316730084281E-002
   5.90625000000000       8.021688821335232E-002 -3.524218602323283E-002
   5.93750000000000       8.089974576709770E-002 -3.344156872128807E-002
   5.96875000000000       8.127833106906314E-002 -3.161545834444933E-002
   6.00000000000000       8.145410479858596E-002 -2.977315425223160E-002
   6.03125000000000       8.146622550065150E-002 -2.791922331525664E-002
   6.06250000000000       8.133289819835439E-002 -2.605665593391416E-002
   6.09375000000000       8.106109694739799E-002 -2.418770571019297E-002
   6.12500000000000       8.064831516867156E-002 -2.231420614023013E-002
   6.15625000000000       8.007709464223388E-002 -2.043764190376162E-002
   6.18750000000000       7.926038964213090E-002 -1.855816360808307E-002
   6.21875000000000       7.828647681390093E-002 -1.707263945943946E-002
   6.25000000000000       7.744223850727157E-002 -1.561983785968725E-002
   6.28125000000000       7.658640022038708E-002 -1.416854978692403E-002
   6.31250000000000       7.568858146794653E-002 -1.271838842040072E-002
   6.34375000000000       7.473003494661475E-002 -1.126940346282818E-002
   6.37500000000000       7.369353885594913E-002 -9.821818284152496E-003
   6.40625000000000       7.255844442626729E-002 -8.375955308641977E-003
   6.43750000000000       7.129425977227409E-002 -6.932208231230317E-003
   6.46875000000000       6.984433210244632E-002 -5.491014153147502E-003
   6.50000000000000       6.804125789325366E-002 -4.052611753096058E-003
   6.53125000000000       6.572585472470779E-002 -3.483877246643717E-003
   6.56250000000000       6.408451377119791E-002 -3.272263640540118E-003
   6.59375000000000       6.267449230279085E-002 -3.062484121572681E-003
   6.62500000000000       6.139898430378848E-002 -2.853916601333554E-003
   6.65625000000000       6.021583805361219E-002 -2.646290314748281E-003
   6.68750000000000       5.910051005456856E-002 -2.439457214412245E-003
   6.71875000000000       5.803611365770503E-002 -2.233330897325776E-003
   6.75000000000000       5.700920076096615E-002 -2.027864539244350E-003
   6.78125000000000       5.600687943204012E-002 -1.823045087044234E-003
   6.81250000000000       5.501224515406881E-002 -1.618904850241670E-003
   6.84375000000000       5.397276462657186E-002 -1.415647175784507E-003
   6.87500000000000       5.295209495500267E-002 -1.403238629310914E-003
   6.90625000000000       5.205197458321258E-002 -1.395088764046700E-003
   6.93750000000000       5.121071739106892E-002 -1.386861785496734E-003
   6.96875000000000       5.041448249122109E-002 -1.378598471836517E-003
   7.00000000000000       4.965592021934534E-002 -1.370317775661069E-003
   7.03125000000000       4.893022156440729E-002 -1.362030931518782E-003
   7.06250000000000       4.823390762288678E-002 -1.353745814392205E-003
   7.09375000000000       4.756432839472134E-002 -1.345468857179264E-003
   7.12500000000000       4.691943659714836E-002 -1.337206233542063E-003
   7.15625000000000       4.629774616139722E-002 -1.328965131426393E-003
   7.18750000000000       4.569881916448136E-002 -1.320757199770290E-003
   7.21875000000000       4.512244565677620E-002 -1.306604784354167E-003
   7.25000000000000       4.455914260394989E-002 -1.289989108156517E-003
   7.28125000000000       4.401093191888480E-002 -1.273426443176971E-003
   7.31250000000000       4.347754969858982E-002 -1.256921352790235E-003
   7.34375000000000       4.295844370654320E-002 -1.240476585478732E-003
   7.37500000000000       4.245301590342065E-002 -1.224094474916194E-003
   7.40625000000000       4.196067466324578E-002 -1.207777484983467E-003
   7.43750000000000       4.148084276339305E-002 -1.191528574873505E-003
   7.46875000000000       4.101294204126592E-002 -1.175351583479416E-003
   7.50000000000000       4.055634213617833E-002 -1.159251822133397E-003
   7.53125000000000       4.011018839923024E-002 -1.143237413076243E-003
   7.56250000000000       3.967222395561996E-002 -1.127325741251651E-003
   7.59375000000000       3.924341493929789E-002 -1.121208208031304E-003
   7.62500000000000       3.883243987853328E-002 -1.116545778155074E-003
   7.65625000000000       3.843545182117866E-002 -1.111927028536530E-003
   7.68750000000000       3.805202550553535E-002 -1.107371727375509E-003
   7.71875000000000       3.768241168968287E-002 -1.102903512204494E-003
   7.75000000000000       3.732741791218556E-002 -1.098554598776610E-003
   7.78125000000000       3.698859694439133E-002 -1.094372551767057E-003
   7.81250000000000       3.666874746318546E-002 -1.090433335803720E-003
   7.84375000000000       3.637310335943746E-002 -1.086870759345614E-003
   7.87500000000000       3.611257792233324E-002 -1.083956350549266E-003
   7.90625000000000       3.591549479812708E-002 -1.082389897154443E-003
   7.93750000000000       3.590781609898691E-002 -1.085311124512892E-003
   7.96875000000000       3.564114455155817E-002 -2.529507886196568E-018
   8.00000000000000       3.488833225078282E-002 -1.339995977618956E-018
   8.03125000000000       3.436859467593030E-002  1.548386639447880E-018
   8.06250000000000       3.391858065376135E-002 -2.222548345958476E-018
   8.09375000000000       3.350512165644001E-002  1.547101634551010E-018
   8.12500000000000       3.311551947505574E-002  1.421241394652984E-019
   8.15625000000000       3.274348548771407E-002  6.235970113235334E-019
   8.18750000000000       3.238540377936339E-002 -2.723280417159651E-018
   8.21875000000000       3.203897668570986E-002 -5.511118808760083E-019
   8.25000000000000       3.170263433065582E-002 -3.164754659103564E-018
   8.28125000000000       3.137524289664613E-002  3.762721858027471E-019
   8.31250000000000       3.105594670771702E-002 -1.471796455578125E-018
   8.34375000000000       3.074407654046263E-002  1.472251593480603E-019
   8.37500000000000       3.043909334697806E-002  2.823802091877589E-018
   8.40625000000000       3.014055210228717E-002 -3.409171724736700E-019
   8.43750000000000       2.984807769021584E-002 -1.059421466854469E-018
   8.46875000000000       2.956134828684623E-002  1.601247715086907E-018
   8.50000000000000       2.928008359507398E-002 -9.064472204619798E-019
   8.53125000000000       2.900403630504346E-002 -1.534091594240068E-018
   8.56250000000000       2.873298576589307E-002 -9.821970059022958E-019
   8.59375000000000       2.846673320395947E-002 -1.186038405383994E-018
   8.62500000000000       2.820509805317547E-002 -4.223336403785962E-019
   8.65625000000000       2.794791508362509E-002  1.352151389249728E-018
   8.68750000000000       2.769503213747073E-002 -5.036206947671734E-019
   8.71875000000000       2.744630831070262E-002 -5.013002408024081E-019
   8.75000000000000       2.720161247810111E-002  1.878795274827555E-018
   8.78125000000000       2.696082208569128E-002  1.607937529705756E-018
   8.81250000000000       2.672382215049082E-002  2.500654550048825E-018
   8.84375000000000       2.649050442607226E-002 -4.068806081127363E-019
   8.87500000000000       2.626076669388192E-002  4.182148232892138E-019
   8.90625000000000       2.603451216865677E-002  1.360538368070695E-018
   8.93750000000000       2.581164898321283E-002  2.692935431248129E-018
   8.96875000000000       2.559208974767077E-002  1.921683306957521E-018
   9.00000000000000       2.537575116512071E-002 -1.970680047287101E-019
   9.03125000000000       2.516255369606377E-002  1.425174346568808E-018
   9.06250000000000       2.495242126636719E-002 -2.214728535034628E-019
   9.09375000000000       2.474528100539885E-002 -1.042602241193787E-018
   9.12500000000000       2.454106301487417E-002  7.670203258059890E-021
   9.15625000000000       2.433970016560900E-002 -3.756268405558663E-019
   9.18750000000000       2.414112791145368E-002  1.196998731898607E-019
   9.21875000000000       2.394528412290073E-002  1.504340758555227E-019
   9.25000000000000       2.375210894070556E-002  5.849745289377421E-019
   9.28125000000000       2.356154463628652E-002 -9.867376256836938E-019
   9.31250000000000       2.337353548893988E-002 -1.875115911481729E-018
   9.34375000000000       2.318802767669728E-002  2.091050683590971E-019
   9.37500000000000       2.300496916682298E-002  1.121038037047453E-018
   9.40625000000000       2.282430962880116E-002  1.051430636948477E-018
   9.43750000000000       2.264600033898806E-002 -4.874334089125438E-019
   9.46875000000000       2.246999410602744E-002  1.522431256698418E-020
   9.50000000000000       2.229624519390466E-002  1.343650389884722E-020
   9.53125000000000       2.212470925275880E-002 -2.416863028431330E-019
   9.56250000000000       2.195534325603682E-002  3.788828606351218E-019
   9.59375000000000       2.178810543691675E-002  1.874240843490740E-018
   9.62500000000000       2.162295523679795E-002 -2.288864199441005E-019
   9.65625000000000       2.145985325115111E-002  1.542873007184822E-018
   9.68750000000000       2.129876117998986E-002  1.067532476710913E-019
   9.71875000000000       2.113964178162407E-002  7.256518873948438E-019
   9.75000000000000       2.098245883168380E-002  8.691741955136849E-019
   9.78125000000000       2.082717707970512E-002  8.190051964866481E-019
   9.81250000000000       2.067376221393392E-002 -7.121476299400054E-019
   9.84375000000000       2.052218082096191E-002  4.547612229491871E-019
   9.87500000000000       2.037240035439967E-002  1.709857406855170E-018
   9.90625000000000       2.022438910395380E-002 -1.106336730959417E-019
   9.93750000000000       2.007811616187859E-002  8.958411312701386E-019
   9.96875000000000       1.993355139319177E-002 -5.529286171219840E-019
   10.0000000000000       1.979066541221323E-002 -1.293678245958018E-018
   11.0000000000000       1.799151401110294E-002  0.000000000000000E+000
   12.0000000000000       1.649222117684436E-002  0.000000000000000E+000
   13.0000000000000       1.522358877862556E-002  0.000000000000000E+000
   14.0000000000000       1.413618958015231E-002  0.000000000000000E+000
   15.0000000000000       1.319377694147549E-002  0.000000000000000E+000
   16.0000000000000       1.236916588263327E-002  0.000000000000000E+000
   17.0000000000000       1.164156788953720E-002  0.000000000000000E+000
   18.0000000000000       1.099481411789624E-002  0.000000000000000E+000
   19.0000000000000       1.041613969063854E-002  0.000000000000000E+000
   20.0000000000000       9.895332706106616E-003  0.000000000000000E+000
   21.0000000000000       9.424126386768206E-003  0.000000000000000E+000
   22.0000000000000       8.995757005551469E-003  0.000000000000000E+000
   23.0000000000000       8.604637135744884E-003  0.000000000000000E+000
   24.0000000000000       8.246110588422180E-003  0.000000000000000E+000
   25.0000000000000       7.916266164885293E-003  0.000000000000000E+000
   26.0000000000000       7.611794389312782E-003  0.000000000000000E+000
   27.0000000000000       7.329876078597493E-003  0.000000000000000E+000
   28.0000000000000       7.068094790076154E-003  0.000000000000000E+000
   29.0000000000000       6.824367383521804E-003  0.000000000000000E+000
   30.0000000000000       6.596888470737744E-003  0.000000000000000E+000
   31.0000000000000       6.384085616842978E-003  0.000000000000000E+000
   32.0000000000000       6.184582941316635E-003  0.000000000000000E+000
   33.0000000000000       5.997171337034313E-003  0.000000000000000E+000
   34.0000000000000       5.820783944768598E-003  0.000000000000000E+000
   35.0000000000000       5.654475832060924E-003  0.000000000000000E+000
   36.0000000000000       5.497407058948120E-003  0.000000000000000E+000
   37.0000000000000       5.348828489787360E-003  0.000000000000000E+000
   38.0000000000000       5.208069845319271E-003  0.000000000000000E+000
   39.0000000000000       5.074529592875188E-003  0.000000000000000E+000
   40.0000000000000       4.947666353053308E-003  0.000000000000000E+000
   41.0000000000000       4.826991563954447E-003  0.000000000000000E+000
   42.0000000000000       4.712063193384103E-003  0.000000000000000E+000
   43.0000000000000       4.602480328421682E-003  0.000000000000000E+000
   44.0000000000000       4.497878502775735E-003  0.000000000000000E+000
   45.0000000000000       4.397925647158496E-003  0.000000000000000E+000
   46.0000000000000       4.302318567872442E-003  0.000000000000000E+000
   47.0000000000000       4.210779874938985E-003  0.000000000000000E+000
   48.0000000000000       4.123055294211090E-003  0.000000000000000E+000
   49.0000000000000       4.038911308614945E-003  0.000000000000000E+000
   50.0000000000000       3.958133082442646E-003  0.000000000000000E+000
   51.0000000000000       3.880522629845732E-003  0.000000000000000E+000
   52.0000000000000       3.805897194656391E-003  0.000000000000000E+000
   53.0000000000000       3.734087813625138E-003  0.000000000000000E+000
   54.0000000000000       3.664938039298747E-003  0.000000000000000E+000
   55.0000000000000       3.598302802220588E-003  0.000000000000000E+000
   56.0000000000000       3.534047395038077E-003  0.000000000000000E+000
   57.0000000000000       3.472046563546181E-003  0.000000000000000E+000
   58.0000000000000       3.412183691760902E-003  0.000000000000000E+000
   59.0000000000000       3.354350069866650E-003  0.000000000000000E+000
   60.0000000000000       3.298444235368872E-003  0.000000000000000E+000
   61.0000000000000       3.244371379051350E-003  0.000000000000000E+000
   62.0000000000000       3.192042808421489E-003  0.000000000000000E+000
   63.0000000000000       3.141375462256069E-003  0.000000000000000E+000
   64.0000000000000       3.092291470658317E-003  0.000000000000000E+000
   65.0000000000000       3.044717755725112E-003  0.000000000000000E+000
   66.0000000000000       2.998585668517156E-003  0.000000000000000E+000
   67.0000000000000       2.953830658539288E-003  0.000000000000000E+000
   68.0000000000000       2.910391972384299E-003  0.000000000000000E+000
   69.0000000000000       2.868212378581628E-003  0.000000000000000E+000
   70.0000000000000       2.827237916030462E-003  0.000000000000000E+000
   71.0000000000000       2.787417663692004E-003  0.000000000000000E+000
   72.0000000000000       2.748703529474060E-003  0.000000000000000E+000
   73.0000000000000       2.711050056467566E-003  0.000000000000000E+000
   74.0000000000000       2.674414244893680E-003  0.000000000000000E+000
   75.0000000000000       2.638755388295097E-003  0.000000000000000E+000
   76.0000000000000       2.604034922659636E-003  0.000000000000000E+000
   77.0000000000000       2.570216287300420E-003  0.000000000000000E+000
   78.0000000000000       2.537264796437594E-003  0.000000000000000E+000
   79.0000000000000       2.505147520533321E-003  0.000000000000000E+000
   80.0000000000000       2.473833176526654E-003  0.000000000000000E+000
   81.0000000000000       2.443292026199164E-003  0.000000000000000E+000
   82.0000000000000       2.413495781977223E-003  0.000000000000000E+000
   83.0000000000000       2.384417519543763E-003  0.000000000000000E+000
   84.0000000000000       2.356031596692051E-003  0.000000000000000E+000
   85.0000000000000       2.328313577907439E-003  0.000000000000000E+000
   86.0000000000000       2.301240164210841E-003  0.000000000000000E+000
   87.0000000000000       2.274789127840602E-003  0.000000000000000E+000
   88.0000000000000       2.248939251387867E-003  0.000000000000000E+000
   89.0000000000000       2.223670271035195E-003  0.000000000000000E+000
   90.0000000000000       2.198962823579248E-003  0.000000000000000E+000
   91.0000000000000       2.174798396946509E-003  0.000000000000000E+000
   92.0000000000000       2.151159283936221E-003  0.000000000000000E+000
   93.0000000000000       2.128028538947659E-003  0.000000000000000E+000
   94.0000000000000       2.105389937469493E-003  0.000000000000000E+000
   95.0000000000000       2.083227938127709E-003  0.000000000000000E+000
   96.0000000000000       2.061527647105545E-003  0.000000000000000E+000
   97.0000000000000       2.040274784764251E-003  0.000000000000000E+000
   98.0000000000000       2.019455654307473E-003  0.000000000000000E+000
   99.0000000000000       1.999057112344771E-003  0.000000000000000E+000
   100.000000000000       1.979066541221323E-003  0.000000000000000E+000
   101.000000000000       1.959471822991409E-003  0.000000000000000E+000
   102.000000000000       1.940261314922866E-003  0.000000000000000E+000
   103.000000000000       1.921423826428469E-003  0.000000000000000E+000
   104.000000000000       1.902948597328195E-003  0.000000000000000E+000
   105.000000000000       1.884825277353641E-003  0.000000000000000E+000
   106.000000000000       1.867043906812569E-003  0.000000000000000E+000
   107.000000000000       1.849594898337685E-003  0.000000000000000E+000
   108.000000000000       1.832469019649373E-003  0.000000000000000E+000
   109.000000000000       1.815657377267269E-003  0.000000000000000E+000
   110.000000000000       1.799151401110294E-003  0.000000000000000E+000
   111.000000000000       1.782942829929120E-003  0.000000000000000E+000
   112.000000000000       1.767023697519039E-003  0.000000000000000E+000
   113.000000000000       1.751386319664888E-003  0.000000000000000E+000
   114.000000000000       1.736023281773090E-003  0.000000000000000E+000
   115.000000000000       1.720927427148977E-003  0.000000000000000E+000
   116.000000000000       1.706091845880451E-003  0.000000000000000E+000
   117.000000000000       1.691509864291729E-003  0.000000000000000E+000
   118.000000000000       1.677175034933325E-003  0.000000000000000E+000
   119.000000000000       1.663081127076742E-003  0.000000000000000E+000
   120.000000000000       1.649222117684436E-003  0.000000000000000E+000
   121.000000000000       1.635592182827540E-003  0.000000000000000E+000
   122.000000000000       1.622185689525675E-003  0.000000000000000E+000
   123.000000000000       1.608997187984816E-003  0.000000000000000E+000
   124.000000000000       1.596021404210745E-003  0.000000000000000E+000
   125.000000000000       1.583253232977059E-003  0.000000000000000E+000
   126.000000000000       1.570687731128034E-003  0.000000000000000E+000
   127.000000000000       1.558320111197892E-003  0.000000000000000E+000
   128.000000000000       1.546145735329159E-003  0.000000000000000E+000
   129.000000000000       1.534160109473894E-003  0.000000000000000E+000
   130.000000000000       1.522358877862556E-003  0.000000000000000E+000
   131.000000000000       1.510737817726201E-003  0.000000000000000E+000
   132.000000000000       1.499292834258578E-003  0.000000000000000E+000
   133.000000000000       1.488019955805506E-003  0.000000000000000E+000
   134.000000000000       1.476915329269644E-003  0.000000000000000E+000
   135.000000000000       1.465975215719499E-003  0.000000000000000E+000
   136.000000000000       1.455195986192149E-003  0.000000000000000E+000
   137.000000000000       1.444574117679798E-003  0.000000000000000E+000
   138.000000000000       1.434106189290814E-003  0.000000000000000E+000
   139.000000000000       1.423788878576492E-003  0.000000000000000E+000
   140.000000000000       1.413618958015231E-003  0.000000000000000E+000
   141.000000000000       1.403593291646328E-003  0.000000000000000E+000
   142.000000000000       1.393708831846002E-003  0.000000000000000E+000
   143.000000000000       1.383962616238688E-003  0.000000000000000E+000
   144.000000000000       1.374351764737030E-003  0.000000000000000E+000
   145.000000000000       1.364873476704361E-003  0.000000000000000E+000
   146.000000000000       1.355525028233783E-003  0.000000000000000E+000
   147.000000000000       1.346303769538315E-003  0.000000000000000E+000
   148.000000000000       1.337207122446840E-003  0.000000000000000E+000
   149.000000000000       1.328232578000888E-003  0.000000000000000E+000
   150.000000000000       1.319377694147549E-003  0.000000000000000E+000
   151.000000000000       1.310640093524055E-003  0.000000000000000E+000
   152.000000000000       1.302017461329818E-003  0.000000000000000E+000
   153.000000000000       1.293507543281911E-003  0.000000000000000E+000
   154.000000000000       1.285108143650210E-003  0.000000000000000E+000
   155.000000000000       1.276817123368596E-003  0.000000000000000E+000
   156.000000000000       1.268632398218797E-003  0.000000000000000E+000
   157.000000000000       1.260551937083645E-003  0.000000000000000E+000
   158.000000000000       1.252573760266660E-003  0.000000000000000E+000
   159.000000000000       1.244695937875046E-003  0.000000000000000E+000
   160.000000000000       1.236916588263327E-003  0.000000000000000E+000
   161.000000000000       1.229233876534983E-003  0.000000000000000E+000
   162.000000000000       1.221646013099582E-003  0.000000000000000E+000
   163.000000000000       1.214151252283020E-003  0.000000000000000E+000
   164.000000000000       1.206747890988612E-003  0.000000000000000E+000
   165.000000000000       1.199434267406863E-003  0.000000000000000E+000
   166.000000000000       1.192208759771881E-003  0.000000000000000E+000
   167.000000000000       1.185069785162469E-003  0.000000000000000E+000
   168.000000000000       1.178015798346026E-003  0.000000000000000E+000
   169.000000000000       1.171045290663505E-003  0.000000000000000E+000
   170.000000000000       1.164156788953720E-003  0.000000000000000E+000
   171.000000000000       1.157348854515394E-003  0.000000000000000E+000
   172.000000000000       1.150620082105421E-003  0.000000000000000E+000
   173.000000000000       1.143969098971863E-003  0.000000000000000E+000
   174.000000000000       1.137394563920301E-003  0.000000000000000E+000
   175.000000000000       1.130895166412185E-003  0.000000000000000E+000
   176.000000000000       1.124469625693934E-003  0.000000000000000E+000
   177.000000000000       1.118116689955550E-003  0.000000000000000E+000
   178.000000000000       1.111835135517597E-003  0.000000000000000E+000
   179.000000000000       1.105623766045432E-003  0.000000000000000E+000
   180.000000000000       1.099481411789624E-003  0.000000000000000E+000
   181.000000000000       1.093406928851560E-003  0.000000000000000E+000
   182.000000000000       1.087399198473255E-003  0.000000000000000E+000
   183.000000000000       1.081457126350450E-003  0.000000000000000E+000
   184.000000000000       1.075579641968111E-003  0.000000000000000E+000
   185.000000000000       1.069765697957472E-003  0.000000000000000E+000
   186.000000000000       1.064014269473830E-003  0.000000000000000E+000
   187.000000000000       1.058324353594290E-003  0.000000000000000E+000
   188.000000000000       1.052694968734746E-003  0.000000000000000E+000
   189.000000000000       1.047125154085356E-003  0.000000000000000E+000
   190.000000000000       1.041613969063854E-003  0.000000000000000E+000
   191.000000000000       1.036160492786033E-003  0.000000000000000E+000
   192.000000000000       1.030763823552772E-003  0.000000000000000E+000
   193.000000000000       1.025423078353017E-003  0.000000000000000E+000
   194.000000000000       1.020137392382125E-003  0.000000000000000E+000
   195.000000000000       1.014905918575038E-003  0.000000000000000E+000
   196.000000000000       1.009727827153736E-003  0.000000000000000E+000
   197.000000000000       1.004602305188489E-003  0.000000000000000E+000
   198.000000000000       9.995285561723855E-004  0.000000000000000E+000
   199.000000000000       9.945057996087051E-004  0.000000000000000E+000
   200.000000000000       9.895332706106616E-004  0.000000000000000E+000
   201.000000000000       9.846102195130962E-004  0.000000000000000E+000
   202.000000000000       9.797359114957045E-004  0.000000000000000E+000
   203.000000000000       9.749096262174006E-004  0.000000000000000E+000
   204.000000000000       9.701306574614330E-004  0.000000000000000E+000
   205.000000000000       9.653983127908893E-004  0.000000000000000E+000
   206.000000000000       9.607119132142345E-004  0.000000000000000E+000
   207.000000000000       9.560707928605426E-004  0.000000000000000E+000
   208.000000000000       9.514742986640977E-004  0.000000000000000E+000
   209.000000000000       9.469217900580493E-004  0.000000000000000E+000
   210.000000000000       9.424126386768205E-004  0.000000000000000E+000
   211.000000000000       9.379462280669778E-004  0.000000000000000E+000
   212.000000000000       9.335219534062846E-004  0.000000000000000E+000
   213.000000000000       9.291392212306682E-004  0.000000000000000E+000
   214.000000000000       9.247974491688426E-004  0.000000000000000E+000
   215.000000000000       9.204960656843364E-004  0.000000000000000E+000
   216.000000000000       9.162345098246866E-004  0.000000000000000E+000
   217.000000000000       9.120122309775683E-004  0.000000000000000E+000
   218.000000000000       9.078286886336344E-004  0.000000000000000E+000
   219.000000000000       9.036833521558553E-004  0.000000000000000E+000
   220.000000000000       8.995757005551469E-004  0.000000000000000E+000
   221.000000000000       8.955052222720919E-004  0.000000000000000E+000
   222.000000000000       8.914714149645600E-004  0.000000000000000E+000
   223.000000000000       8.874737853010418E-004  0.000000000000000E+000
   224.000000000000       8.835118487595193E-004  0.000000000000000E+000
   225.000000000000       8.795851294316992E-004  0.000000000000000E+000
   226.000000000000       8.756931598324439E-004  0.000000000000000E+000
   227.000000000000       8.718354807142393E-004  0.000000000000000E+000
   228.000000000000       8.680116408865452E-004  0.000000000000000E+000
   229.000000000000       8.642211970398791E-004  0.000000000000000E+000
   230.000000000000       8.604637135744883E-004  0.000000000000000E+000
   231.000000000000       8.567387624334732E-004  0.000000000000000E+000
   232.000000000000       8.530459229402255E-004  0.000000000000000E+000
   233.000000000000       8.493847816400528E-004  0.000000000000000E+000
   234.000000000000       8.457549321458646E-004  0.000000000000000E+000
   235.000000000000       8.421559749877971E-004  0.000000000000000E+000
   236.000000000000       8.385875174666624E-004  0.000000000000000E+000
   237.000000000000       8.350491735111069E-004  0.000000000000000E+000
   238.000000000000       8.315405635383711E-004  0.000000000000000E+000
   239.000000000000       8.280613143185453E-004  0.000000000000000E+000
   240.000000000000       8.246110588422180E-004  0.000000000000000E+000
   241.000000000000       8.211894361914204E-004  0.000000000000000E+000
   242.000000000000       8.177960914137699E-004  0.000000000000000E+000
   243.000000000000       8.144306753997215E-004  0.000000000000000E+000
   244.000000000000       8.110928447628374E-004  0.000000000000000E+000
   245.000000000000       8.077822617229890E-004  0.000000000000000E+000
   246.000000000000       8.044985939924078E-004  0.000000000000000E+000
   247.000000000000       8.012415146645034E-004  0.000000000000000E+000
   248.000000000000       7.980107021053723E-004  0.000000000000000E+000
   249.000000000000       7.948058398479209E-004  0.000000000000000E+000
   250.000000000000       7.916266164885293E-004  0.000000000000000E+000
   251.000000000000       7.884727255861846E-004  0.000000000000000E+000
   252.000000000000       7.853438655640171E-004  0.000000000000000E+000
   253.000000000000       7.822397396131713E-004  0.000000000000000E+000
   254.000000000000       7.791600555989461E-004  0.000000000000000E+000
   255.000000000000       7.761045259691464E-004  0.000000000000000E+000
   256.000000000000       7.730728676645794E-004  0.000000000000000E+000
   257.000000000000       7.700648020316432E-004  0.000000000000000E+000
   258.000000000000       7.670800547369470E-004  0.000000000000000E+000
   259.000000000000       7.641183556839086E-004  0.000000000000000E+000
   260.000000000000       7.611794389312781E-004  0.000000000000000E+000
   261.000000000000       7.582630426135338E-004  0.000000000000000E+000
   262.000000000000       7.553689088631004E-004  0.000000000000000E+000
   263.000000000000       7.524967837343434E-004  0.000000000000000E+000
   264.000000000000       7.496464171292891E-004  0.000000000000000E+000
   265.000000000000       7.468175627250276E-004  0.000000000000000E+000
   266.000000000000       7.440099779027530E-004  0.000000000000000E+000
   267.000000000000       7.412234236783982E-004  0.000000000000000E+000
   268.000000000000       7.384576646348221E-004  0.000000000000000E+000
   269.000000000000       7.357124688555105E-004  0.000000000000000E+000
   270.000000000000       7.329876078597493E-004  0.000000000000000E+000
   271.000000000000       7.302828565392337E-004  0.000000000000000E+000
   272.000000000000       7.275979930960747E-004  0.000000000000000E+000
   273.000000000000       7.249327989821697E-004  0.000000000000000E+000
   274.000000000000       7.222870588398989E-004  0.000000000000000E+000
   275.000000000000       7.196605604441176E-004  0.000000000000000E+000
   276.000000000000       7.170530946454069E-004  0.000000000000000E+000
   277.000000000000       7.144644553145572E-004  0.000000000000000E+000
   278.000000000000       7.118944392882458E-004  0.000000000000000E+000
   279.000000000000       7.093428463158865E-004  0.000000000000000E+000
   280.000000000000       7.068094790076154E-004  0.000000000000000E+000
   281.000000000000       7.042941427833890E-004  0.000000000000000E+000
   282.000000000000       7.017966458231642E-004  0.000000000000000E+000
   283.000000000000       6.993167990181354E-004  0.000000000000000E+000
   284.000000000000       6.968544159230011E-004  0.000000000000000E+000
   285.000000000000       6.944093127092362E-004  0.000000000000000E+000
   286.000000000000       6.919813081193438E-004  0.000000000000000E+000
   287.000000000000       6.895702234220639E-004  0.000000000000000E+000
   288.000000000000       6.871758823685150E-004  0.000000000000000E+000
   289.000000000000       6.847981111492467E-004  0.000000000000000E+000
   290.000000000000       6.824367383521804E-004  0.000000000000000E+000
   291.000000000000       6.800915949214169E-004  0.000000000000000E+000
   292.000000000000       6.777625141168915E-004  0.000000000000000E+000
   293.000000000000       6.754493314748544E-004  0.000000000000000E+000
   294.000000000000       6.731518847691575E-004  0.000000000000000E+000
   295.000000000000       6.708700139733299E-004  0.000000000000000E+000
   296.000000000000       6.686035612234200E-004  0.000000000000000E+000
   297.000000000000       6.663523707815903E-004  0.000000000000000E+000
   298.000000000000       6.641162890004440E-004  0.000000000000000E+000
   299.000000000000       6.618951642880680E-004  0.000000000000000E+000
   300.000000000000       6.596888470737744E-004  0.000000000000000E+000
   301.000000000000       6.574971897745260E-004  0.000000000000000E+000
   302.000000000000       6.553200467620276E-004  0.000000000000000E+000
   303.000000000000       6.531572743304697E-004  0.000000000000000E+000
   304.000000000000       6.510087306649089E-004  0.000000000000000E+000
   305.000000000000       6.488742758102699E-004  0.000000000000000E+000
   306.000000000000       6.467537716409553E-004  0.000000000000000E+000
   307.000000000000       6.446470818310499E-004  0.000000000000000E+000
   308.000000000000       6.425540718251049E-004  0.000000000000000E+000
   309.000000000000       6.404746088094897E-004  0.000000000000000E+000
   310.000000000000       6.384085616842978E-004  0.000000000000000E+000
